%% Range of  motion for model14_Fixed_NoTether
%% Part-2-1.LOADNODE
% extension (4N) data converted to degrees
ta=[2 2.05126 2.11533 2.17471 2.20107 2.25678 2.30078 2.35474 2.41562 2.45083 2.5117 2.55021 2.60026 2.65289 2.70081 2.75198 2.8011 2.85607 2.90043 2.95245 3 ];
ur1a=(180/pi)*(0.0513636+[-0.0513636 -0.0630948 -0.0833367 -0.104069 -0.113836 -0.136405 -0.156061 -0.181474 -0.211865 -0.230282 -0.267977 -0.297193 -0.338408 -0.383483 -0.426384 -0.473713 -0.520012 -0.570882 -0.610705 -0.65737 -0.699426]);
ur2a=(180/pi)*(-0.001824+[0.001824 0.0078383 0.0104625 0.0114333 0.0117135 0.012101 0.0122037 0.0120423 0.0115877 0.0110205 0.00967559 0.00858998 0.00654983 0.00397714 0.00128525 -0.00192885 -0.00525435 -0.0089603 -0.0119557 -0.0157455 -0.0189979]);
ur3a=(180/pi)*(-0.0159571+[0.0159571 0.0189265 0.0208965 0.0222913 0.0229547 0.0245231 0.0259269 0.0276419 0.0294562 0.0303356 0.0315177 0.0321438 0.032618 0.032828 0.0327818 0.0325008 0.0319586 0.0313143 0.030657 0.0295235 0.0280957]);

% flexion (4P) data converted to degrees
tb=[2 2.05026 2.12154 2.16006 2.21479 2.25242 2.32555 2.36019 2.44483 2.45733 2.51914 2.56141 2.60341 2.65657 2.70193 2.75284 2.80008 2.85729 2.91018 2.97712 3];
ur1b=(180/pi)*(0.0513636+[-0.0513636 -0.0339467 0.0159154 0.0417386 0.0791263 0.103859 0.14791 0.167345 0.212369 0.218843 0.250038 0.270717 0.290851 0.315666 0.33627 0.358809 0.37925 0.403447 0.425302 0.45235 0.461506 ]);
ur2b=(180/pi)*(-0.001824+[0.001824 0.0154936 0.0276521 0.031707 0.0351786 0.0369315 0.0393431 0.0401966 0.0418761 0.0421012 0.0430631 0.0436324 0.0441868 0.0448705 0.0454363 0.0460249 0.046529 0.0471381 0.0477243 0.0484611 0.048722]);
ur3b=(180/pi)*(-0.0159571+[0.0159571 0.0244765 0.0324423 0.0346654 0.0367751 0.0377027 0.0377035 0.0373348 0.0361562 0.0359615 0.0350123 0.0343742 0.0337371 0.0329258 0.0322517 0.0314921 0.0307975 0.0300017 0.0293386 0.028551 0.0283071]);

% lateral bending (5N) data converted to degrees
ta5=[2 2.05026 2.11433 2.17371 2.20007 2.2594 2.31877 2.36096 2.42034 2.47043 2.5127 2.58779 2.63779 2.65263 2.70273 2.76565 2.80142 2.8609 2.90157 2.95756 3];
ur1a5=(180/pi)*(0.0513636+[-0.0513636 -0.0513002 -0.045112 -0.0404738 -0.0392229 -0.0394691 -0.0431355 -0.0478183 -0.0559666 -0.0648224 -0.0736507 -0.0917498 -0.104466 -0.10834 -0.121345 -0.136549 -0.144508 -0.156615 -0.16414 -0.173601 -0.180149]);
ur2a5=(180/pi)*(-0.001824+[0.001824 0.000112035 -0.0216703 -0.0463329 -0.0574612 -0.0824915 -0.107115 -0.124276 -0.147855 -0.167563 -0.184099 -0.212573 -0.230453 -0.235692 -0.252221 -0.270647 -0.280252 -0.295115 -0.304684 -0.317263 -0.326458]);
ur3a5=(180/pi)*(-0.0159571+[0.0159571 0.0129476 -0.00549314 -0.026291 -0.0356031 -0.0558261 -0.0744875 -0.0864679 -0.102477 -0.115409 -0.12604 -0.143768 -0.154457 -0.157485 -0.166721 -0.176453 -0.181414 -0.189084 -0.194023 -0.200406 -0.204942]);

% lateral bending (5P) data converted to degrees
tb5=[2 2.05026 2.12154 2.15397 2.21175 2.26507 2.30594 2.35377 2.40753 2.45988 2.50332 2.56615 2.60113 2.66023 2.70008 2.7573 2.80337 2.85729 2.91233 2.96086 3];
ur1b5=(180/pi)*(0.0513636+[-0.0513636 -0.0490266 -0.0367952 -0.0328807 -0.0291266 -0.0292993 -0.0316729 -0.0367585 -0.0451578 -0.0553682 -0.0652899 -0.0811736 -0.0907508 -0.107605 -0.118928 -0.133462 -0.14347 -0.153729 -0.162907 -0.170164 -0.175612]);
ur2b5=(180/pi)*(-0.001824+[0.001824 0.0286392 0.0716459 0.0904065 0.121256 0.147427 0.166231 0.187311 0.209992 0.231482 0.249007 0.273801 0.287286 0.308603 0.321403 0.336722 0.347663 0.359462 0.37083 0.380473 0.388012]);
ur3b5=(180/pi)*(-0.0159571+[0.0159571 0.0342667 0.0694097 0.085277 0.11136 0.133036 0.148188 0.16477 0.182243 0.198331 0.210823 0.228116 0.236842 0.249989 0.257804 0.266198 0.272001 0.278292 0.284356 0.289406 0.293262]);

% axial roation (6N) data converted to degrees.
ta6=[2 2.05026 2.10532 2.15068 2.23407 2.26532 2.33563 2.38563 2.43563 2.46688 2.50555 2.55206 2.60555 2.65607 2.70294 2.75304 2.80113 2.85856 2.90701 2.97041 3];
ur1a6=(180/pi)*(0.0513636+[-0.0513636 -0.0510046 -0.0426279 -0.0335659 -0.0131613 -0.00718469 0.00243961 0.00764763 0.0119614 0.014456 0.0171804 0.0201202 0.0231668 0.0258905 0.0282953 0.0308189 0.0332275 0.0361623 0.0387345 0.0423196 0.0440727]);
ur2a6=(180/pi)*(-0.001824+[0.001824 0.00261089 -0.0112754 -0.0253169 -0.0507096 -0.0588472 -0.0758896 -0.0870509 -0.0973627 -0.103453 -0.110587 -0.118793 -0.127822 -0.13589 -0.143074 -0.15039 -0.15702 -0.164405 -0.170326 -0.177669 -0.18096]);
ur3a6=(180/pi)*(-0.0159571+[0.0159571 0.00612835 -0.017569 -0.0408723 -0.0832099 -0.0964535 -0.122732 -0.13993 -0.155942 -0.165547 -0.176927 -0.18999 -0.204424 -0.217583 -0.229338 -0.24149 -0.252786 -0.265805 -0.276488 -0.290174 -0.29649]);

% axial rotation (6P) data converted to degrees
tb6=[2 2.05126 2.11533 2.16533 2.2247 2.25107 2.30206 2.35204 2.40323 2.45375 2.52804 2.55155 2.62764 2.65371 2.71895 2.75421 2.81684 2.85161 2.90752 2.95451 3];
ur1b6=(180/pi)*(0.0513636+[-0.0513636 -0.0504776 -0.0503945 -0.0493467 -0.0469896 -0.0454078 -0.0413283 -0.0364855 -0.0310634 -0.025802 -0.0190206 -0.0170691 -0.0115437 -0.00977694 -0.0054829 -0.00312531 0.00131652 0.00388501 0.00818198 0.011814 0.0152878]);
ur2b6=(180/pi)*(-0.001824+[0.001824 0.00681102 0.0170942 0.0273135 0.0406647 0.0470281 0.0600475 0.0732691 0.0868575 0.0998955 0.118042 0.123632 0.141086 0.146914 0.161172 0.168719 0.181719 0.188741 0.199644 0.208422 0.216613]);
ur3b6=(180/pi)*(-0.0159571+[0.0159571 0.0219112 0.0371553 0.0528612 0.0737151 0.0837548 0.104476 0.125759 0.147736 0.168833 0.197882 0.206693 0.233681 0.24247 0.263602 0.274653 0.293576 0.303816 0.319817 0.332793 0.344921]);

%% Part-2-1.N-C4-EP
% extension (4N) data converted to degrees
tc=[2 2.05126 2.11533 2.17471 2.20107 2.25678 2.30078 2.35474 2.41562 2.45083 2.5117 2.55021 2.60026 2.65289 2.70081 2.75198 2.8011 2.85607 2.90043 2.95245 3 ];
ur1c=(180/pi)*(0.0621789+[-0.0621789 -0.0700233 -0.0828961 -0.0960659 -0.102847 -0.119439 -0.134431 -0.154488 -0.179325 -0.194594 -0.227027 -0.252625 -0.288897 -0.329127 -0.367928 -0.411001 -0.453127 -0.499359 -0.535612 -0.578304 -0.616631]);
ur2c=(180/pi)*(-0.000881437+[0.000881437 0.0069705 0.010491 0.0132299 0.0143883 0.0167015 0.0183008 0.0197466 0.0207372 0.0210336 0.0212875 0.021241 0.0207236 0.0198262 0.0185641 0.0167416 0.0146364 0.012088 0.00989958 0.00682497 0.00410041]);
ur3c=(180/pi)*(-0.012901+[0.012901 0.0157126 0.0179525 0.0201952 0.0212937 0.0237879 0.0257847 0.0280144 0.0301414 0.0312005 0.0326758 0.0334095 0.0340113 0.0343445 0.034337 0.0339763 0.0332303 0.0322116 0.031199 0.0296044 0.0277132]);

% flexion (4P) data converted to degrees
td=[2 2.05026 2.12154 2.16006 2.21479 2.25242 2.32555 2.36019 2.44483 2.45733 2.51914 2.56141 2.60341 2.65657 2.70193 2.75284 2.80008 2.85729 2.91018 2.97712 3];
ur1d=(180/pi)*(0.0621789+[-0.0621789 -0.0503202 -0.00886261 0.0122436 0.0429597 0.0629449 0.0976661 0.112611 0.146919 0.151835 0.175509 0.19121 0.206453 0.225214 0.240787 0.257828 0.273256 0.291502 0.307973 0.328399 0.335316]);
ur2d=(180/pi)*(-0.000881437+[0.000881437 0.0134853 0.0246169 0.0282006 0.0311148 0.0325167 0.0343641 0.0349818 0.0361827 0.0363463 0.0370276 0.0374145 0.0377842 0.0382584 0.0386537 0.0390926 0.0394902 0.0399961 0.0404785 0.0410881 0.0412942]);
ur3d=(180/pi)*(-0.012901+[0.012901 0.0208041 0.0284685 0.0306106 0.0326634 0.0335915 0.0336772 0.0333658 0.0323613 0.0321997 0.0314408 0.0309372 0.0304445 0.0298216 0.0293007 0.0287184 0.0282031 0.0276231 0.027111 0.026509 0.026308 ]);

% lateral bending (5N) data converted to degrees
tc5=[2 2.05026 2.11433 2.17371 2.20007 2.2594 2.31877 2.36096 2.42034 2.47043 2.5127 2.58779 2.63779 2.65263 2.70273 2.76565 2.80142 2.8609 2.90157 2.95756 3];
ur1c5=(180/pi)*(0.0621789+[-0.0621789 -0.0620264 -0.0545439 -0.0484793 -0.0465711 -0.0451011 -0.0465149 -0.0496444 -0.0558365 -0.0632569 -0.0709252 -0.0871621 -0.0987327 -0.102254 -0.114052 -0.127773 -0.134922 -0.145633 -0.152298 -0.160696 -0.166575]);
