%% Range of  motion for model4_APslide_NoTether
%% Part-2-1.LOADNODE
% extension (4N) data converted to degrees
ta=[2 2.0622 2.11523 2.15852 2.20492 2.25001 2.30364 2.35417 2.40231 2.45225 2.50547 2.55011 2.60474 2.65523 2.70472 2.7507 2.80007 2.85772 2.90074 2.95442 3];
ur1a=(180/pi)*(0.0525221+[-0.0525221 -0.0444131 -0.0838129 -0.123149 -0.169378 -0.216018 -0.269726 -0.318216 -0.363618 -0.419368 -0.477906 -0.525719 -0.584766 -0.637689 -0.687553 -0.732025 -0.777912 -0.829208 -0.869202 -0.917826 -0.964296 ]);
ur2a=(180/pi)*(0.00089585+[-0.00089585 0.0281175 0.0296708 0.0281913 0.0263392 0.0244655 0.0214618 0.0180628 0.0145265 0.0109397 0.00719127 0.00485292 0.00229888 0.00019592 -0.00224577 -0.00438859 -0.00615951 -0.0077957 -0.00908722 -0.00970257 -0.0112619 ]);
ur3a=(180/pi)*(-0.0159204+[0.0159204 0.0354641 0.038931 0.0397884 0.040604 0.0413561 0.0413529 0.0408052 0.0404514 0.0403235 0.0402685 0.0408958 0.0420736 0.0434765 0.0444602 0.045331 0.0463052 0.0481454 0.0495971 0.0515331 0.0526283 ]);

% flexion (4P) data converted to degrees
tb=[2 2.05816 2.10161 2.16188 2.20417 2.26497 2.3108 2.35767 2.41039 2.46048 2.50857 2.57039 2.61266 2.65395 2.70851 2.75122 2.8056 2.85917 2.91124 2.95071 3];
ur1b=(180/pi)*(0.0525221+[-0.0525221 0.0358731 0.0838473 0.127409 0.152215 0.185385 0.209455 0.233634 0.260269 0.284997 0.308134 0.337158 0.356483 0.375004 0.39888 0.417065 0.43965 0.461407 0.481957 0.497237 0.516139]);
ur2b=(180/pi)*(0.00089585+[-0.00089585 0.0332819 0.0377591 0.0385747 0.038983 0.0396495 0.0401212 0.0405385 0.0412506 0.0419628 0.0425588 0.043154 0.0435407 0.0439191 0.0444762 0.0449083 0.0454366 0.0459777 0.0464919 0.0468618 0.0473423]);
ur3b=(180/pi)*(-0.0159204+[0.0159204 0.0375739 0.0392518 0.0376537 0.0366216 0.0353229 0.0343628 0.0333753 0.0324004 0.0315029 0.0307506 0.0301655 0.0297731 0.0293686 0.0287609 0.0283322 0.0277944 0.0273622 0.026928 0.0266089 0.0262465]);

% lateral bending (5N) data converted to degrees
ta5=[2 2.05499 2.11058 2.15172 2.20834 2.25612 2.30683 2.35072 2.41079 2.45523 2.50106 2.56286 2.60735 2.66025 2.72359 2.75684 2.81029 2.87442 2.90649 2.98666 3];
ur1a5=(180/pi)*(0.0525221+[-0.0525221 -0.00865347 0.00219833 0.00134605 -0.00790113 -0.0193612 -0.0353576 -0.0510266 -0.0723298 -0.0864142 -0.0985525 -0.112223 -0.120433 -0.129542 -0.1398 -0.145083 -0.153352 -0.162861 -0.167507 -0.178749 -0.18057]);
ur2a5=(180/pi)*(0.00089585+[-0.00089585 -0.00171948 -0.0334919 -0.0555987 -0.0842711 -0.107633 -0.132122 -0.152775 -0.179494 -0.197173 -0.21328 -0.232574 -0.245045 -0.259 -0.274754 -0.282754 -0.295162 -0.309465 -0.316424 -0.333385 -0.336162]);
ur3a5=(180/pi)*(-0.0159204+[0.0159204 0.00875008 -0.0194972 -0.0381967 -0.0608282 -0.0777352 -0.0943524 -0.107847 -0.124804 -0.135378 -0.144628 -0.155494 -0.162464 -0.170245 -0.178969 -0.183385 -0.190061 -0.197512 -0.201076 -0.209505 -0.21087 ]);

% lateral bending (5P) data converted to degrees
tb5=[2 2.05816 2.1053 2.16112 2.20014 2.26066 2.3058 2.3555 2.40111 2.45779 2.5144 2.55097 2.6021 2.65706 2.70343 2.76727 2.80028 2.85535 2.90823 2.95284 3];
ur1b5=(180/pi)*(0.0525221+[-0.0525221 -0.00359012 0.00477857 0.000445718 -0.0082069 -0.0263352 -0.041738 -0.0586573 -0.0739877 -0.0915849 -0.106445 -0.114218 -0.123438 -0.132107 -0.139008 -0.148093 -0.152754 -0.160216 -0.167139 -0.172932 -0.178938]);
ur2b5=(180/pi)*(0.00089585+[-0.00089585 0.0634031 0.0963941 0.128284 0.149181 0.180239 0.202526 0.225789 0.246047 0.268315 0.28703 0.297432 0.310347 0.323298 0.333719 0.347404 0.354345 0.365618 0.376104 0.384702 0.393567 ]);
ur3b5=(180/pi)*(-0.0159204+[0.0159204 0.0642136 0.0930365 0.120038 0.13715 0.161798 0.178548 0.195432 0.209608 0.224229 0.236475 0.243201 0.251081 0.258864 0.264995 0.272803 0.2766 0.28254 0.287992 0.292438 0.296955]);

% axial roation (6N) data converted to degrees.
ta6=[2 2.05499 2.10192 2.15388 2.20807 2.25585 2.30786 2.36346 2.40295 2.45178 2.50023 2.56364 2.61714 2.65515 2.70515 2.75515 2.80515 2.85515 2.92702 2.96921 3];
ur1a6=(180/pi)*(0.0525221+[-0.0525221 -0.00671959 0.0109293 0.0253689 0.033499 0.0366984 0.0390046 0.0412937 0.0427671 0.0445907 0.0465704 0.0495097 0.0520588 0.053949 0.0565337 0.0593173 0.0622596 0.0652914 0.0699288 0.072807 0.0749379 ]);
ur2a6=(180/pi)*(0.00089585+[-0.00089585 0.00247062 -0.0172998 -0.0377214 -0.0539048 -0.0669252 -0.0803321 -0.0933674 -0.101865 -0.111603 -0.120466 -0.131325 -0.13987 -0.145604 -0.152735 -0.159414 -0.165613 -0.17141 -0.179201 -0.183476 -0.186473]);
ur3a6=(180/pi)*(-0.0159204+[0.0159204 0.00119272 -0.0292702 -0.0614841 -0.0870901 -0.106449 -0.125848 -0.144957 -0.157464 -0.172161 -0.18598 -0.20317 -0.217059 -0.226567 -0.238678 -0.250434 -0.261809 -0.272795 -0.288171 -0.297008 -0.303389 ]);

% axial rotation (6P) data converted to degrees
tb6=[2 2.05499 2.11058 2.16207 2.20435 2.25007 2.30324 2.36036 2.40263 2.45125 2.50837 2.56869 2.60135 2.66917 2.7073 2.76599 2.81551 2.85069 2.90069 2.95128 3];
ur1b6=(180/pi)*(0.0525221+[-0.0525221 -0.00380002 0.0163064 0.0272545 0.0320412 0.034476 0.0361801 0.0374508 0.0386166 0.0403115 0.0427734 0.0456797 0.0473258 0.0510085 0.053132 0.0565012 0.0593304 0.0613523 0.0643178 0.0674866 0.0707004 ]);
ur2b6=(180/pi)*(0.00089585+[-0.00089585 0.0553874 0.0878679 0.108176 0.122206 0.136104 0.151078 0.16651 0.17687 0.187712 0.199025 0.209847 0.21525 0.225622 0.231041 0.238641 0.244575 0.248584 0.25402 0.25935 0.264195]);
ur3b6=(180/pi)*(-0.0159204+[0.0159204 0.0675945 0.109449 0.140964 0.163684 0.185247 0.207613 0.228348 0.242413 0.257536 0.274059 0.290386 0.29873 0.31526 0.324172 0.337324 0.347969 0.355324 0.365533 0.375679 0.38524  ]);

%% Part-2-1.N-C4-EP
% extension (4N) data converted to degrees
tc=[2 2.0622 2.11523 2.15852 2.20492 2.25001 2.30364 2.35417 2.40231 2.45225 2.50547 2.55011 2.60474 2.65523 2.70472 2.7507 2.80007 2.85772 2.90074 2.95442 3 ];
ur1c=(180/pi)*(0.0602939+[-0.0602939 -0.0561754 -0.0877524 -0.120084 -0.159018 -0.198623 -0.245455 -0.287918 -0.327048 -0.376333 -0.428597 -0.471423 -0.524439 -0.572349 -0.617699 -0.658198 -0.700043 -0.746927 -0.783714 -0.82839 -0.871722]);
ur2c=(180/pi)*(0.000935298+[-0.000935298 0.0282657 0.0312199 0.031405 0.0311236 0.0304302 0.0287836 0.0266788 0.0245565 0.0225339 0.0203662 0.0192282 0.0179618 0.016942 0.0153793 0.0138368 0.0125797 0.0114878 0.0105364 0.0103184 0.00899868 ]);
ur3c=(180/pi)*(-0.0128683+[0.0128683 0.0321337 0.0361572 0.0377121 0.0390119 0.0398412 0.03997 0.0395314 0.0392759 0.0391157 0.0389561 0.0393777 0.0401707 0.0411699 0.0417266 0.0421533 0.0426151 0.0438233 0.0447422 0.0459558 0.0464374  ]);

% flexion (4P) data converted to degrees
td=[2 2.05816 2.10161 2.16188 2.20417 2.26497 2.3108 2.35767 2.41039 2.46048 2.50857 2.57039 2.61266 2.65395 2.70851 2.75122 2.8056 2.85917 2.91124 2.95071 3];
ur1d=(180/pi)*(0.0602939+[-0.0602939 0.00875401 0.0501384 0.0844482 0.102905 0.127239 0.144791 0.162494 0.181983 0.200113 0.217113 0.238388 0.252621 0.266299 0.283932 0.297379 0.314131 0.330266 0.345606 0.357061 0.371303]);
ur2d=(180/pi)*(0.000935298+[-0.000935298 0.0316729 0.0355253 0.0356811 0.0357456 0.0360001 0.0362097 0.0364053 0.0368822 0.0373832 0.0377821 0.0380963 0.0382974 0.0385115 0.0388879 0.03918 0.0395468 0.0399119 0.0402957 0.0405778 0.0409348]);
ur3d=(180/pi)*(-0.0128683+[0.0128683 0.0339017 0.0355695 0.0339839 0.0330291 0.0318948 0.0310985 0.0303161 0.0295983 0.0289444 0.0284303 0.028129 0.0279377 0.0277204 0.0273387 0.0270652 0.0266961 0.0263578 0.0260681 0.0258611 0.0256155 ]);

% lateral bending (5N) data converted to degrees
tc5=[2 2.05499 2.11058 2.15172 2.20834 2.25612 2.30683 2.35072 2.41079 2.45523 2.50106 2.56286 2.60735 2.66025 2.72359 2.75684 2.81029 2.87442 2.90649 2.98666 3];
ur1c5=(180/pi)*(0.0602939+[-0.0602939 -0.0274759 -0.015638 -0.0156472 -0.0233811 -0.0333222 -0.0473691 -0.0613793 -0.0806546 -0.0933957 -0.104311 -0.116294 -0.12333 -0.131051 -0.139621 -0.144068 -0.150983 -0.159082 -0.163097 -0.173044 -0.174685]);
