%% Range of  motion for model13_Fixed_Tether
%% Part-2-1.LOADNODE
% extension (4N) data converted to degrees
ta=[2 2.05126 2.11533 2.16533 2.2247 2.25107 2.31707 2.35251 2.40079 2.4548 2.50774 2.55564 2.60228 2.65931 2.70659 2.75382 2.80395 2.85431 2.90296 2.95231 3];
ur1a=(180/pi)*(0.056205+[-0.056205 -0.0618794 -0.0760539 -0.0899259 -0.107408 -0.115513 -0.137096 -0.149195 -0.166147 -0.185672 -0.205619 -0.224538 -0.243689 -0.268671 -0.290179 -0.312182 -0.336077 -0.360473 -0.384442 -0.409139 -0.433404 ]);
ur2a=(180/pi)*(-0.0211994+[0.0211994 0.02166 0.0211838 0.0200651 0.01835 0.0175492 0.0155941 0.014581 0.0133428 0.0120506 0.0106456 0.00921699 0.0076636 0.00555616 0.00373589 0.00185675 -0.000308152 -0.00259275 -0.0048652 -0.00725421 -0.00962602]);
ur3a=(180/pi)*(-0.028988+[0.028988 0.0295329 0.0295563 0.0291814 0.0286092 0.0283636 0.0280258 0.0279955 0.0281196 0.0283601 0.0285829 0.0287497 0.0288572 0.0288987 0.0289476 0.0289735 0.0289014 0.0287321 0.0285296 0.0282883 0.0279881]);

% flexion (4P) data converted to degrees
tb=[2 2.05126 2.11533 2.16533 2.21533 2.26533 2.31533 2.36533 2.41533 2.46533 2.51533 2.56533 2.62471 2.66689 2.70517 2.75527 2.80337 2.85848 2.91062 2.96632 3];
ur1b=(180/pi)*(0.056205+[-0.056205 -0.0500882 -0.0362954 -0.0220213 -0.0055545 0.0108922 0.0274955 0.0444793 0.0618503 0.0788675 0.0955611 0.112143 0.131902 0.146152 0.159155 0.17641 0.193265 0.212825 0.231607 0.251887 0.264236]);
ur2b=(180/pi)*(-0.0211994+[0.0211994 0.0221425 0.0238536 0.0255467 0.0273099 0.0290081 0.0306612 0.0319201 0.0329794 0.0339889 0.0349139 0.0357643 0.0366938 0.0373075 0.0378506 0.0385289 0.0391738 0.0399175 0.040656 0.0414213 0.041871]);
ur3b=(180/pi)*(-0.028988+[0.028988 0.0295333 0.0305412 0.0315179 0.0325355 0.0333704 0.0340406 0.0349629 0.0359516 0.0368063 0.0375566 0.038256 0.0390534 0.0396343 0.0401712 0.0409192 0.0416441 0.0423895 0.042918 0.0432932 0.0434129]);

% lateral bending (5N) data converted to degrees
ta5=[2 2.05126 2.11533 2.16533 2.21533 2.26533 2.32471 2.36689 2.42627 2.45263 2.51864 2.55993 2.60692 2.66037 2.70735 2.75754 2.81624 2.85281 2.9034 2.9694 3];
ur1a5=(180/pi)*(0.056205+[-0.056205 -0.0555541 -0.0555061 -0.0557925 -0.0561909 -0.0566576 -0.0575458 -0.0585736 -0.0602744 -0.0611068 -0.0633127 -0.0647755 -0.0664459 -0.0685003 -0.070464 -0.0727737 -0.075694 -0.0777006 -0.0805913 -0.08469 -0.0867112]);
ur2a5=(180/pi)*(-0.0211994+[0.0211994 0.0167441 0.00497238 -0.00685272 -0.0200271 -0.0340868 -0.0513596 -0.0639752 -0.0817374 -0.0895719 -0.108998 -0.120991 -0.134447 -0.149496 -0.162619 -0.176543 -0.192546 -0.202403 -0.215995 -0.233598 -0.241734]);
ur3a5=(180/pi)*(-0.028988+[0.028988 0.0270081 0.01977 0.0116385 0.00213162 -0.00830557 -0.0213756 -0.0311508 -0.0450553 -0.0512381 -0.0666251 -0.0760775 -0.086641 -0.0983496 -0.108396 -0.118824 -0.130556 -0.137649 -0.147248 -0.159336 -0.164806]);

% lateral bending (5P) data converted to degrees
tb5=[2 2.05126 2.11533 2.16533 2.2247 2.25107 2.31707 2.35451 2.40116 2.45302 2.50151 2.55488 2.60159 2.66574 2.70148 2.76497 2.80618 2.85814 2.90512 2.97561 3];
ur1b5=(180/pi)*(0.056205+[-0.056205 -0.0548771 -0.0527796 -0.0507907 -0.0483627 -0.0473089 -0.0450586 -0.0441521 -0.0434909 -0.0432759 -0.0436558 -0.0445064 -0.0455175 -0.047253 -0.048377 -0.0506616 -0.0522865 -0.0546052 -0.0568787 -0.0605999 -0.0620122]);
ur2b5=(180/pi)*(-0.0211994+[0.0211994 0.0273079 0.0412201 0.0546309 0.0717706 0.0797472 0.10039 0.112156 0.126876 0.14317 0.158313 0.174682 0.188739 0.207741 0.21823 0.236652 0.248515 0.26332 0.276489 0.296064 0.302839 ]);
ur3b5=(180/pi)*(-0.028988+[0.028988 0.0322719 0.0414585 0.0512992 0.0645107 0.0709423 0.0880452 0.0979507 0.110458 0.124273 0.137099 0.150942 0.162805 0.17879 0.18755 0.202663 0.212226 0.223868 0.233887 0.248207 0.253047]);

% axial roation (6N) data converted to degrees.
ta6=[2 2.06253 2.12507 2.17135 2.21519 2.29738 2.34738 2.35988 2.41926 2.46936 2.50412 2.55762 2.64563 2.65813 2.705 2.79719 2.80969 2.86028 2.90125 2.96727 3];
ur1a6=(180/pi)*(0.056205+[-0.056205 -0.00607153 0.00331445 0.00872589 0.0110794 0.0140972 0.0158791 0.0163523 0.018515 0.0202205 0.0214882 0.0236462 0.0275909 0.028113 0.0302159 0.0346305 0.0352701 0.0379812 0.040306 0.0442742 0.0463333]);
ur2a6=(180/pi)*(-0.0211994+[0.0211994 0.000488295 -0.0237691 -0.0382621 -0.0508551 -0.0724591 -0.0843306 -0.0871065 -0.099436 -0.109158 -0.115559 -0.124978 -0.13896 -0.140838 -0.147711 -0.160049 -0.161594 -0.167679 -0.172337 -0.17947 -0.182869]);
ur3a6=(180/pi)*(-0.028988+[0.028988 -0.00660119 -0.0437633 -0.066833 -0.0853898 -0.116384 -0.133723 -0.137865 -0.156593 -0.171503 -0.181461 -0.196129 -0.218935 -0.222044 -0.233481 -0.254886 -0.257697 -0.268885 -0.277709 -0.29164 -0.29849]);

% axial rotation (6P) data converted to degrees
tb6=[2 2.05126 2.11533 2.16533 2.21533 2.25361 2.30816 2.35516 2.41122 2.46102 2.51245 2.55582 2.60999 2.65082 2.73015 2.7614 2.81853 2.85329 2.91154 2.95522 3 ];
ur1b6=(180/pi)*(0.056205+[-0.056205 -0.0549114 -0.0524148 -0.0494804 -0.0455668 -0.0421422 -0.0362566 -0.0308154 -0.0243584 -0.019153 -0.0143908 -0.0107458 -0.00672156 -0.00379215 0.0020577 0.00440141 0.00869904 0.0113534 0.0158298 0.0191367 0.0224258]);
ur2b6=(180/pi)*(-0.0211994+[0.0211994 0.0249705 0.0350389 0.0454362 0.0571794 0.0666189 0.0807036 0.092866 0.107038 0.119212 0.131305 0.141228 0.153335 0.162252 0.178975 0.185351 0.196637 0.203286 0.213928 0.221495 0.228942]);
ur3b6=(180/pi)*(-0.028988+[0.028988 0.0350475 0.0509756 0.0676413 0.0867812 0.102217 0.125624 0.146238 0.170233 0.190317 0.209638 0.225229 0.243697 0.256959 0.281452 0.290768 0.307302 0.317084 0.33287 0.344202 0.355397]);

%% Part-2-1.N-C4-EP
% extension (4N) data converted to degrees
tc=[2 2.05126 2.11533 2.16533 2.2247 2.25107 2.31707 2.35251 2.40079 2.4548 2.50774 2.55564 2.60228 2.65931 2.70659 2.75382 2.80395 2.85431 2.90296 2.95231 3];
ur1c=(180/pi)*(0.0673528+[-0.0673528 -0.0689962 -0.0767864 -0.0847175 -0.0954953 -0.100823 -0.115593 -0.124203 -0.136654 -0.15151 -0.166889 -0.181579 -0.196343 -0.216159 -0.233668 -0.25185 -0.271832 -0.292333 -0.312627 -0.333685 -0.354477]);
ur2c=(180/pi)*(-0.0195013+[0.0195013 0.0203384 0.0206636 0.0207157 0.0208646 0.0209685 0.0213153 0.021495 0.0216222 0.0216231 0.0215458 0.0213501 0.0211039 0.0207656 0.0203792 0.0198388 0.0189848 0.0179021 0.016638 0.0151272 0.0134584]);
ur3c=(180/pi)*(-0.0253867+[0.0253867 0.0260325 0.0262932 0.0264204 0.0267649 0.0269788 0.0277109 0.0281749 0.0287733 0.0293949 0.0299879 0.0304822 0.0309131 0.0313817 0.0317468 0.0320269 0.0321334 0.0320463 0.0318194 0.0314554 0.030964]);

% flexion (4P) data converted to degrees
td=[2 2.05126 2.11533 2.16533 2.21533 2.26533 2.31533 2.36533 2.41533 2.46533 2.51533 2.56533 2.62471 2.66689 2.70517 2.75527 2.80337 2.85848 2.91062 2.96632 3];
ur1d=(180/pi)*(0.0673528+[-0.0673528 -0.0650125 -0.0571218 -0.0476352 -0.0361385 -0.0254928 -0.0145647 -0.00322413 0.0083462 0.019205 0.0298373 0.0405998 0.0536727 0.0633254 0.072225 0.0841733 0.0960284 0.109927 0.123392 0.138075 0.147088 ]);
ur2d=(180/pi)*(-0.0195013+[0.0195013 0.0200893 0.0212393 0.0225083 0.0237925 0.0249515 0.0261216 0.0269143 0.0275331 0.0281409 0.0286975 0.0292169 0.0297906 0.0301717 0.0305009 0.030912 0.0313193 0.031833 0.0323353 0.0328886 0.033233 ]);
ur3d=(180/pi)*(-0.0253867+[0.0253867 0.0258199 0.0266747 0.0275545 0.0284508 0.0291934 0.0298146 0.030717 0.0316846 0.032562 0.033364 0.0341322 0.0350687 0.0357685 0.0364122 0.0372613 0.0380745 0.0389101 0.0395352 0.0399945 0.0401707]);

% lateral bending (5N) data converted to degrees
tc5=[2 2.05126 2.11533 2.16533 2.21533 2.26533 2.32471 2.36689 2.42627 2.45263 2.51864 2.55993 2.60692 2.66037 2.70735 2.75754 2.81624 2.85281 2.9034 2.9694 3];
ur1c5=(180/pi)*(0.0673528+[-0.0673528 -0.0664611 -0.0655646 -0.0648428 -0.0640405 -0.063078 -0.0618342 -0.0612525 -0.0608524 -0.0608355 -0.0611135 -0.0615023 -0.0620518 -0.0629561 -0.0639432 -0.0651465 -0.0669312 -0.0682859 -0.0703059 -0.0733328 -0.074875]);
