%% Range of  motion for model1_slideslide_tether
%% Part-2-1.LOADNODE
% extension (4N) data converted to degrees
ta=[2 2.05126 2.11533 2.17471 2.20404 2.25121 2.30289 2.35286 2.41117 2.46025 2.51267 2.5564 2.60334 2.66048 2.70822 2.759 2.80923 2.85061 2.90524 2.95003 3];
ur1a=(180/pi)*(0.0343387+[-0.0343387 -0.0429201 -0.062598 -0.0838509 -0.094953 -0.113104 -0.133013 -0.152484 -0.176322 -0.197695 -0.222041 -0.243173 -0.266386 -0.296278 -0.322115 -0.350006 -0.377826 -0.401093 -0.43221 -0.458065 -0.487047 ]);
ur2a=(180/pi)*(.00224762-[0.00224762 0.00505269 0.00683826 0.00727942 0.00728281 0.00724545 0.0072799 0.00714677 0.00661724 0.00586728 0.00466183 0.0033276 0.00172283 -0.00023931 -0.00199712 -0.00416294 -0.0064378 -0.00835577 -0.0109701 -0.0131941 -0.0157246 ]);
ur3a=(180/pi)*(.0151339-[0.0151339 0.0171381 0.01888 0.0200511 0.0205004 0.0211848 0.0222253 0.0233582 0.0244635 0.0252297 0.0258702 0.0261898 0.0263714 0.0265608 0.0267186 0.0267343 0.0265913 0.026393 0.0260247 0.0257179 0.0253773 ]);

% flexion (4P) data converted to degrees
tb=[2 2.05126 2.11533 2.16533 2.2247 2.26689 2.32627 2.36846 2.42783 2.4542 2.50615 2.55076 2.60453 2.65273 2.70062 2.75176 2.80444 2.85837 2.91342 2.96196 3];
ur1b=(180/pi)*(.0343387+[-0.0343387 -0.0196593 0.0175096 0.0472352 0.0827577 0.107235 0.14238 0.167979 0.203274 0.218599 0.247959 0.272234 0.300711 0.3254 0.349241 0.373971 0.398679 0.423214 0.447535 0.46829 0.484186 ]);
ur2b=(180/pi)*(-.00224762+[0.00224762 0.0107461 0.0195767 0.0246747 0.0298488 0.0324576 0.0352449 0.036793 0.0385644 0.0391674 0.0401757 0.0409357 0.0417242 0.0423697 0.0429618 0.0435377 0.0441241 0.0447308 0.0453507 0.0458527 0.0462281 ]);
ur3b=(180/pi)*(-.0151339+[0.0151339 0.021277 0.0278833 0.0315037 0.0342973 0.0354652 0.0372058 0.0379489 0.0380332 0.0378227 0.0370547 0.0361152 0.0350103 0.0339693 0.0329096 0.0317781 0.0306796 0.029644 0.028702 0.0279152 0.0273484 ]);

% lateral bending (5N) data converted to degrees
ta5=[2 2.05126 2.11533 2.16533 2.2247 2.25107 2.30644 2.35622 2.40972 2.46023 2.50711 2.55164 2.60232 2.65142 2.72191 2.77012 2.80437 2.86374 2.90593 2.9903 3];
ur1a5=(180/pi)*(.0343387+[-0.0343387 -0.0343986 -0.0316546 -0.0295464 -0.0280124 -0.0277298 -0.0284788 -0.0307431 -0.0349661 -0.0404483 -0.0465747 -0.0533291 -0.0622483 -0.072034 -0.0878631 -0.0989752 -0.106738 -0.119969 -0.12891 -0.145497 -0.147319]);
ur2a5=(180/pi)*(-.00224762+[0.00224762 -0.00290354 -0.0240878 -0.0444089 -0.0692083 -0.0802835 -0.103072 -0.122762 -0.143113 -0.161953 -0.179221 -0.195333 -0.213332 -0.230401 -0.253613 -0.268154 -0.277857 -0.293893 -0.304506 -0.324426 -0.326665]);
ur3a5=(180/pi)*(-.0151339+[0.0151339 0.0114363 -0.00618317 -0.0234763 -0.0447826 -0.0542516 -0.0732787 -0.0890447 -0.104434 -0.117769 -0.129258 -0.139481 -0.150652 -0.161033 -0.174184 -0.181856 -0.186845 -0.194938 -0.200197 -0.209704 -0.210737]);

% lateral bending (5P) data converted to degrees
tb5=[2 2.05126 2.10091 2.15165 2.20195 2.26309 2.30825 2.35242 2.40115 2.45206 2.50453 2.55201 2.60315 2.66299 2.70555 2.75188 2.8058 2.85226 2.9048 2.95124 3];
ur1b5=(180/pi)*(.0343387+[-0.0343387 -0.0329761 -0.0282085 -0.0224677 -0.0179321 -0.0152707 -0.015095 -0.0162459 -0.0192414 -0.024322 -0.0315731 -0.0397942 -0.0501965 -0.0642589 -0.0750709 -0.08719 -0.101044 -0.112297 -0.124195 -0.133992 -0.143574]);
ur2b5=(180/pi)*(-.00224762+[0.00224762 0.0227945 0.0486374 0.0768306 0.103934 0.135032 0.156628 0.176546 0.197523 0.21859 0.239608 0.258169 0.277341 0.298916 0.313414 0.327685 0.342613 0.354271 0.366411 0.376458 0.386506]);
ur3b5=(180/pi)*(-.0151339+[0.0151339 0.0301092 0.0511333 0.0748778 0.0982757 0.124874 0.143054 0.159674 0.176779 0.193636 0.209882 0.223534 0.237142 0.251372 0.260503 0.268749 0.276724 0.282543 0.288149 0.292778 0.297523 ]);

% axial roation (6N) data converted to degrees.
ta6=[2 2.05026 2.11433 2.16433 2.21433 2.26433 2.31433 2.36433 2.41433 2.46433 2.51433 2.56433 2.61433 2.66433 2.70261 2.75271 2.82501 2.85634 2.92405 2.9575 3];
ur1a6=(180/pi)*(.0343387+[-0.0343387 0.0172967 0.0264968 0.0322873 0.0352965 0.0370636 0.0389244 0.040875 0.0436022 0.0450558 0.0474968 0.0498123 0.0527043 0.0548587 0.0570845 0.0619776 0.0645461 0.0672414 0.0696797 0.0737381 0.0758544]);
ur2a6=(180/pi)*(-.00224762+[0.00224762 0.00353964 -0.0278401 -0.0419204 -0.0566276 -0.0685239 -0.0805712 -0.0922899 -0.107368 -0.114411 -0.123825 -0.131892 -0.141199 -0.147408 -0.153285 -0.16408 -0.16899 -0.173684 -0.177592 -0.18355 -0.186439]);
ur3a6=(180/pi)*(-.0151339+[0.0151339 -0.000298985 -0.0454191 -0.0684407 -0.0901054 -0.107379 -0.124798 -0.142002 -0.164629 -0.17549 -0.190444 -0.203338 -0.21865 -0.229102 -0.239238 -0.258765 -0.268115 -0.277267 -0.285116 -0.297527 -0.30378]);

% axial rotation (6P) data converted to degrees
tb6=[2 2.05126 2.10091 2.15535 2.20061 2.25209 2.30561 2.36555 2.40191 2.4653 2.51879 2.5529 2.60117 2.65273 2.7052 2.76398 2.80076 2.87223 2.92223 2.95699 3];
ur1b6=(180/pi)*(.0343387+[-0.0343387 -0.0327078 -0.026392 -0.0157587 -0.00548349 0.00523403 0.0148991 0.0234711 0.027985 0.034321 0.0387739 0.041286 0.0445064 0.0475931 0.0504994 0.0536639 0.0556168 0.0594421 0.0621948 0.0641459 0.0666459]);
ur2b6=(180/pi)*(-.00224762+[0.00224762 0.0197621 0.042054 0.0675632 0.0875551 0.108171 0.127502 0.14721 0.158109 0.175163 0.187988 0.195529 0.205375 0.214895 0.223785 0.232776 0.237925 0.24713 0.253005 0.256977 0.261702 ]);
ur3b6=(180/pi)*(-.0151339+[0.0151339 0.0349672 0.0623539 0.0969771 0.126342 0.157106 0.185322 0.211801 0.226298 0.249079 0.266621 0.277135 0.291053 0.304897 0.318233 0.33236 0.340794 0.356435 0.366867 0.374009 0.382714]);

%% Part-2-1.N-C4-EP
% extension (4N) data converted to degrees
tc=[2 2.05126 2.11533 2.17471 2.20404 2.25121 2.30289 2.35286 2.41117 2.46025 2.51267 2.5564 2.60334 2.66048 2.70822 2.759 2.80923 2.85061 2.90524 2.95003 3];
ur1c=(180/pi)*(.0533468+[-0.0533468 -0.0576258 -0.0692695 -0.0816738 -0.0884144 -0.0997754 -0.112876 -0.126935 -0.14478 -0.16075 -0.178881 -0.195166 -0.213628 -0.237957 -0.259142 -0.282544 -0.306299 -0.32639 -0.353442 -0.376072 -0.401468]);
ur2c=(180/pi)*(-.00222095+[0.00222095 0.00540294 0.00831296 0.0106367 0.0116593 0.0130803 0.0143768 0.0153482 0.0161963 0.0167081 0.0169189 0.016802 0.0164654 0.0159024 0.0151564 0.0139653 0.0125477 0.01119 0.00920282 0.00740138 0.0052625]);
ur3c=(180/pi)*(-.0120205+[0.0120205 0.0140399 0.0162592 0.0183819 0.0193323 0.0206035 0.021988 0.0234075 0.0248871 0.0259601 0.0268357 0.0273596 0.0277503 0.0280832 0.0282201 0.0281844 0.0279598 0.0276451 0.0270897 0.0265701 0.0259201]);

% flexion (4P) data converted to degrees
td=[2 2.05126 2.11533 2.16533 2.2247 2.26689 2.32627 2.36846 2.42783 2.4542 2.50615 2.55076 2.60453 2.65273 2.70062 2.75176 2.80444 2.85837 2.91342 2.96196 3];
ur1d=(180/pi)*(.0533468+[-0.0533468 -0.0445415 -0.0151627 0.00746568 0.0345007 0.0529839 0.0799394 0.0995668 0.126572 0.138276 0.160667 0.179131 0.200758 0.219555 0.237727 0.256595 0.275472 0.294239 0.31282 0.328751 0.340968 ]);
ur2d=(180/pi)*(-.00222095+[0.00222095 0.0099748 0.0178732 0.0221819 0.0266054 0.0287981 0.0310892 0.0323342 0.033771 0.0342385 0.035014 0.0356052 0.0361782 0.0366497 0.0371124 0.0375709 0.0380409 0.0385216 0.0390042 0.0394204 0.039733]);
ur3d=(180/pi)*(-.0120205+[0.0120205 0.0177755 0.0242068 0.0276793 0.0304203 0.031635 0.0335122 0.0344113 0.0347759 0.0346988 0.0342181 0.033526 0.0326923 0.0318924 0.0310474 0.0301368 0.0292414 0.0283828 0.0275588 0.0269224 0.0264775]);

% lateral bending (5N) data converted to degrees
tc5=[2 2.05126 2.11533 2.16533 2.2247 2.25107 2.30644 2.35622 2.40972 2.46023 2.50711 2.55164 2.60232 2.65142 2.72191 2.77012 2.80437 2.86374 2.90593 2.9903 3];
ur1c5=(180/pi)*(.0533468+[-0.0533468 -0.0531734 -0.0490715 -0.0458393 -0.04282 -0.0417507 -0.0405847 -0.0412863 -0.0440339 -0.0482786 -0.0534476 -0.0592616 -0.0670354 -0.0757254 -0.0897556 -0.0995351 -0.106401 -0.118043 -0.125991 -0.140938 -0.142606  ]);
