%% Range of  motion for model5_LatSlide_Tether
%% Part-2-1.LOADNODE
% extension (4N) data converted to degrees
ta=[2 2.05126 2.11533 2.17471 2.20404 2.25806 2.30703 2.35279 2.40109 2.45138 2.50274 2.55389 2.60894 2.65187 2.70418 2.75649 2.80083 2.85242 2.90526 2.95387 3 ];
ur1a=(180/pi)*(0.0390112+[-0.0390112 -0.0445328 -0.0585254 -0.0750416 -0.0840238 -0.101572 -0.117932 -0.133139 -0.149417 -0.166765 -0.185369 -0.20487 -0.226275 -0.243644 -0.265711 -0.28852 -0.308273 -0.331665 -0.356059 -0.378931 -0.400989 ]);
ur2a=(180/pi)*(-0.0209381+[0.0209381 0.0212932 0.0207506 0.0193363 0.0184148 0.016704 0.0152962 0.0141969 0.0130867 0.0118108 0.010355 0.00871715 0.00677342 0.00522994 0.00338431 0.00149501 -0.000196563 -0.00228458 -0.00447694 -0.00654989 -0.00854412]);
ur3a=(180/pi)*(-0.0300513+[0.0300513 0.0305766 0.0306433 0.0302071 0.0298779 0.0293143 0.0291185 0.0291235 0.029183 0.0292165 0.0292237 0.02923 0.0291508 0.0289931 0.0287882 0.0285916 0.0283722 0.0280059 0.02749 0.0269473 0.0264771]);

% flexion (4P) data converted to degrees
tb=[2 2.05126 2.11533 2.16533 2.21533 2.25908 2.32939 2.37939 2.41064 2.48096 2.51221 2.58252 2.61377 2.65013 2.70227 2.75401 2.82172 2.85179 2.91104 2.95017 3];
ur1b=(180/pi)*(0.0390112+[-0.0390112 -0.0303469 -0.0112679 0.00829034 0.0289154 0.0467931 0.0759647 0.0958811 0.108102 0.13545 0.147722 0.176158 0.189049 0.204243 0.226442 0.248686 0.278106 0.29124 0.317116 0.334153 0.355795]);
ur2b=(180/pi)*(-0.0209381+[0.0209381 0.0224982 0.0250941 0.0274965 0.0295836 0.0311457 0.0331949 0.0342249 0.0348003 0.0359693 0.0364777 0.0375683 0.0380281 0.0385587 0.0393344 0.04012 0.0410505 0.0414287 0.0421374 0.0425845 0.0431401 ]);
ur3b=(180/pi)*(-0.0300513+[0.0300513 0.0310142 0.0326795 0.0340649 0.035231 0.0361196 0.0371207 0.0378427 0.0382731 0.0390685 0.0393881 0.0401609 0.0405368 0.0409915 0.04157 0.0418063 0.0415349 0.0412681 0.0405593 0.0399773 0.0391686 ]);

% lateral bending (5N) data converted to degrees
ta5=[2 2.05126 2.10091 2.15137 2.23246 2.28246 2.31371 2.35238 2.42753 2.45878 2.51533 2.551 2.6001 2.67059 2.71118 2.76118 2.82055 2.86274 2.92212 2.9643 3];
ur1a5=(180/pi)*(0.0390112+[-0.0390112 -0.0384557 -0.0383573 -0.0385844 -0.0392278 -0.0397509 -0.0402031 -0.0408852 -0.0425828 -0.0434633 -0.0453547 -0.0466619 -0.0485518 -0.0515568 -0.0534372 -0.055847 -0.0587852 -0.0610138 -0.0642583 -0.066721 -0.068877 ]);
ur2a5=(180/pi)*(-0.0209381+[0.0209381 0.0167944 0.00860755 -0.00196035 -0.0224648 -0.0363765 -0.045275 -0.0565546 -0.0786026 -0.0877389 -0.10415 -0.114326 -0.128017 -0.147221 -0.15809 -0.171312 -0.186747 -0.197554 -0.212653 -0.223352 -0.23235]);
ur3a5=(180/pi)*(-0.0300513+[0.0300513 0.0283037 0.023689 0.0169447 0.00260352 -0.0076868 -0.0143256 -0.0228524 -0.0400187 -0.047225 -0.0602198 -0.0683806 -0.0796096 -0.0955057 -0.104433 -0.115173 -0.127627 -0.136104 -0.147626 -0.155415 -0.161806]);
% lateral bending (5P) data converted to degrees
tb5=[2 2.05126 2.11533 2.17471 2.20107 2.25991 2.30337 2.35035 2.40415 2.45064 2.51269 2.558 2.61911 2.66482 2.70279 2.77248 2.82013 2.86034 2.91837 2.95368 3];
ur1b5=(180/pi)*(0.0390112+[-0.0390112 -0.0378846 -0.036121 -0.0343224 -0.0334734 -0.0315638 -0.0302853 -0.0291298 -0.0282971 -0.0281689 -0.0286302 -0.0293807 -0.03073 -0.0319586 -0.0331122 -0.0354634 -0.0372617 -0.0388646 -0.0413264 -0.0428817 -0.0450107 ]);
ur2b5=(180/pi)*(-0.0209381+[0.0209381 0.0265191 0.0392846 0.0537124 0.060762 0.0775743 0.0906577 0.105169 0.121719 0.135759 0.154059 0.167116 0.184481 0.19733 0.207901 0.227083 0.240009 0.250792 0.266178 0.275467 0.287594]);
ur3b5=(180/pi)*(-0.0300513+[0.0300513 0.0328911 0.0410604 0.0512508 0.0564777 0.0694695 0.0800155 0.0921162 0.106205 0.118313 0.134133 0.145479 0.160554 0.17165 0.180743 0.197159 0.20809 0.217076 0.229658 0.237092 0.246606]);

% axial roation (6N) data converted to degrees.
ta6=[2 2.05026 2.11433 2.16433 2.21433 2.26433 2.31433 2.36433 2.41433 2.46433 2.51433 2.56433 2.61433 2.66433 2.71433 2.76433 2.81433 2.87371 2.91589 2.96589 3];
ur1a6=(180/pi)*(0.0390112+[-0.0390112 -0.00287522 0.0155824 0.0282489 0.0330903 0.0359953 0.0381832 0.0399045 0.042071 0.0438742 0.0459368 0.0486603 0.0512189 0.0542616 0.0569445 0.0598413 0.0628698 0.0660135 0.0699129 0.0727929 0.0748824]);
ur2a6=(180/pi)*(-0.0209381+[0.0209381 0.00812832 -0.0198089 -0.0405386 -0.052901 -0.0688193 -0.081267 -0.0909591 -0.102444 -0.111756 -0.120365 -0.129803 -0.138174 -0.147045 -0.15401 -0.160516 -0.166562 -0.172212 -0.178537 -0.182763 -0.185669]);
ur3a6=(180/pi)*(-0.0300513+[0.0300513 0.00662173 -0.0340194 -0.0676476 -0.0868714 -0.110008 -0.128001 -0.14212 -0.159224 -0.173362 -0.18688 -0.201911 -0.215532 -0.230376 -0.242386 -0.254045 -0.265329 -0.276269 -0.288924 -0.297735 -0.303973]);

% axial rotation (6P) data converted to degrees
tb6=[2 2.05126 2.11533 2.16533 2.20361 2.25315 2.31416 2.35262 2.40417 2.45195 2.50082 2.55529 2.60294 2.66047 2.7231 2.75435 2.80406 2.85412 2.94917 2.96167 3];
ur1b6=(180/pi)*(0.0390112+[-0.0390112 -0.0379345 -0.0359254 -0.0336474 -0.0316109 -0.0283184 -0.0229266 -0.019037 -0.0134948 -0.00825905 -0.00322029 0.00175667 0.00539779 0.00923483 0.0131241 0.0150953 0.0184002 0.0218544 0.0286262 0.0295273 0.0322952]);
ur2b6=(180/pi)*(-0.0209381+[0.0209381 0.024108 0.0329509 0.0421705 0.0497661 0.0605225 0.07497 0.0843957 0.0970573 0.108596 0.119915 0.132044 0.142222 0.154063 0.166602 0.172768 0.182436 0.191892 0.209076 0.211282 0.217914]);
ur3b6=(180/pi)*(-0.0300513+[0.0300513 0.0352278 0.0487543 0.0628903 0.0747967 0.0922749 0.116685 0.132934 0.155045 0.174991 0.194224 0.214403 0.230881 0.249566 0.268918 0.278342 0.292986 0.307261 0.333315 0.33667 0.346754 ]);

%% Part-2-1.N-C4-EP
% extension (4N) data converted to degrees
tc=[2 2.05126 2.11533 2.17471 2.20404 2.25806 2.30703 2.35279 2.40109 2.45138 2.50274 2.55389 2.60894 2.65187 2.70418 2.75649 2.80083 2.85242 2.90526 2.95387 3 ];
ur1c=(180/pi)*(0.0579808+[-0.0579808 -0.0591453 -0.065949 -0.0743261 -0.0791067 -0.0891022 -0.0990442 -0.109147 -0.120481 -0.132748 -0.145658 -0.159286 -0.175004 -0.188357 -0.205565 -0.223618 -0.239714 -0.25916 -0.279685 -0.299121 -0.318028 ]);
ur2c=(180/pi)*(-0.020385+[0.020385 0.0211272 0.0214923 0.021663 0.0217419 0.0218692 0.0218602 0.0218619 0.0219169 0.0218758 0.0218001 0.0215807 0.0211626 0.0207545 0.0201443 0.0193442 0.0185002 0.0172647 0.0157532 0.0142445 0.0127373]);
ur3c=(180/pi)*(-0.0265798+[0.0265798 0.0271847 0.0275514 0.0278337 0.0279993 0.0282704 0.0285763 0.0289148 0.0293417 0.0297532 0.0301318 0.0304302 0.0306791 0.0307578 0.0307415 0.030589 0.0303871 0.0299885 0.0293703 0.0287161 0.0281028]);

% flexion (4P) data converted to degrees
td=[2 2.05126 2.11533 2.16533 2.21533 2.25908 2.32939 2.37939 2.41064 2.48096 2.51221 2.58252 2.61377 2.65013 2.70227 2.75401 2.82172 2.85179 2.91104 2.95017 3];
ur1d=(180/pi)*(0.0579808+[-0.0579808 -0.0539761 -0.0419272 -0.0281443 -0.0141894 -0.00239249 0.0173513 0.03031 0.0382582 0.0565189 0.064902 0.0848212 0.0939786 0.104899 0.12102 0.137374 0.159342 0.169231 0.188814 0.201822 0.218413 ]);
ur2d=(180/pi)*(-0.020385+[0.020385 0.0214961 0.0234315 0.0252842 0.0266874 0.0276818 0.029065 0.0296772 0.0300161 0.0307628 0.0310933 0.0317923 0.0320795 0.0324084 0.0329022 0.0334443 0.0341256 0.0344155 0.0349631 0.0353189 0.0357658 ]);
ur3d=(180/pi)*(-0.0265798+[0.0265798 0.0274361 0.029027 0.0303264 0.0313385 0.032143 0.0331894 0.0340455 0.0345676 0.0356436 0.0360963 0.0371704 0.0376829 0.0382795 0.0389974 0.0393551 0.0392847 0.0391176 0.0385894 0.0381336 0.0374544]);

% lateral bending (5N) data converted to degrees
tc5=[2 2.05126 2.10091 2.15137 2.23246 2.28246 2.31371 2.35238 2.42753 2.45878 2.51533 2.551 2.6001 2.67059 2.71118 2.76118 2.82055 2.86274 2.92212 2.9643 3];
ur1c5=(180/pi)*(0.0579808+[-0.0579808 -0.0572153 -0.0566319 -0.0559986 -0.0549668 -0.0542407 -0.0537326 -0.0531618 -0.0526507 -0.0526985 -0.0530825 -0.0535247 -0.0542648 -0.0554824 -0.0563646 -0.0576243 -0.0592989 -0.0606763 -0.0627938 -0.0644915 -0.0660217]);
