%% Range of  motion for model2_slideslide_Notether
%% Part-2-1.LOADNODE
% extension (4N) data converted to degrees
ta=[2 2.05126 2.11533 2.17471 2.20447 2.25221 2.30059 2.35788 2.41099 2.45099 2.50605 2.55427 2.60174 2.65492 2.70335 2.75569 2.80363 2.85302 2.90564 2.95047 3];
ur1a=(180/pi)*(.046461+[-0.046461 -0.0536261 -0.0719243 -0.0925226 -0.103558 -0.121725 -0.140536 -0.163272 -0.185491 -0.203345 -0.230981 -0.260761 -0.293318 -0.331982 -0.368959 -0.410823 -0.450315 -0.491948 -0.535856 -0.572623 -0.613218]);
ur2a=(180/pi)*(-.00585777+[0.00585777 0.00841638 0.010007 0.0102352 0.0101615 0.00996129 0.00983925 0.00944009 0.00872969 0.00795143 0.00648589 0.00507382 0.00342678 0.00139457 -0.000519125 -0.00280388 -0.00500792 -0.00741207 -0.00996584 -0.0122504 -0.0149016]);
ur3a=(180/pi)*(-.0178048+[0.0178048 0.0199497 0.0218387 0.022983 0.0233934 0.0240444 0.0249874 0.0261197 0.0269602 0.0274648 0.0278968 0.0281361 0.0283354 0.0284696 0.0285354 0.0284503 0.0282464 0.0279206 0.0273946 0.0269224 0.0263005]);

% flexion (4P) data converted to degrees
tb=[2 2.05126 2.11533 2.16533 2.2247 2.26689 2.31689 2.36689 2.42627 2.46846 2.52783 2.57002 2.60127 2.65098 2.70667 2.75577 2.81523 2.85038 2.90628 2.96349 3];
ur1b=(180/pi)*(.046461+[-0.046461 -0.0359477 -0.0133479 0.00944377 0.0359762 0.0553909 0.0783308 0.100425 0.126423 0.145329 0.172574 0.192578 0.207534 0.231616 0.258985 0.282958 0.311678 0.328488 0.354915 0.381588 0.398399]);
ur2b=(180/pi)*(-.00585777+[0.00585777 0.00940761 0.0140127 0.0177305 0.0214263 0.023906 0.0262111 0.0281338 0.0302518 0.0315664 0.0332463 0.0343249 0.0351286 0.0364289 0.0377455 0.0387762 0.0398819 0.0404991 0.0414438 0.042386 0.0429678]);
ur3b=(180/pi)*(-.0178048+[0.0178048 0.0203497 0.0237966 0.0263945 0.0292494 0.0306654 0.0324515 0.0340485 0.0356731 0.0366741 0.0380647 0.0390368 0.0396573 0.0402178 0.0401768 0.0397688 0.0390263 0.0385131 0.0376008 0.0366164 0.035982]);

% lateral bending (5N) data converted to degrees
ta5=[2 2.05026 2.11433 2.16433 2.21433 2.27371 2.30007 2.35578 2.40928 2.45979 2.52161 2.5572 2.60603 2.68118 2.71243 2.7511 2.82625 2.8575 2.91199 2.97132 3];
ur1a5=(180/pi)*(.046461+[-0.046461 -0.0451101 -0.0445592 -0.0441061 -0.0437283 -0.0437659 -0.0440733 -0.0450963 -0.046389 -0.0480873 -0.0505779 -0.0523386 -0.0550276 -0.0602993 -0.0627917 -0.0662852 -0.0741423 -0.0777171 -0.0844714 -0.092678 -0.0968135 ]);
ur2a5=(180/pi)*(-.00585777+[0.00585777 0.0011283 -0.0143931 -0.0297852 -0.0465441 -0.0670162 -0.076214 -0.0956696 -0.114098 -0.131182 -0.151505 -0.162986 -0.178549 -0.202013 -0.211623 -0.22348 -0.246269 -0.255595 -0.271608 -0.288473 -0.29643]);
ur3a5=(180/pi)*(-.0178048+[0.0178048 0.0154921 0.00426314 -0.00777221 -0.0211762 -0.0379736 -0.0456183 -0.0618495 -0.0774356 -0.0916588 -0.108128 -0.11698 -0.128566 -0.144665 -0.151019 -0.158667 -0.172983 -0.178715 -0.188199 -0.197649 -0.201962]);

% lateral bending (5P) data converted to degrees
tb5=[2 2.05126 2.11533 2.17471 2.20404 2.25438 2.33159 2.3549 2.4016 2.46738 2.50746 2.55002 2.60679 2.65835 2.71084 2.76368 2.81124 2.86007 2.90407 2.95108 3];
ur1b5=(180/pi)*(.046461+[-0.046461 -0.0441738 -0.0412694 -0.037977 -0.0362806 -0.0335458 -0.0311413 -0.0307253 -0.0304009 -0.0309078 -0.0315854 -0.0326829 -0.0348422 -0.0375529 -0.0411012 -0.0457139 -0.0507404 -0.0563129 -0.061931 -0.0685728 -0.0760728 ]);
ur2b5=(180/pi)*(-.00585777+[0.00585777 0.016923 0.0387083 0.0620079 0.0740923 0.0950612 0.126557 0.13574 0.153747 0.178354 0.193089 0.20858 0.22891 0.246986 0.264864 0.282395 0.297851 0.313444 0.327124 0.341241 0.355306]);
ur3b5=(180/pi)*(-.0178048+[0.0178048 0.0249361 0.0414938 0.0602444 0.0702475 0.0879529 0.114798 0.122642 0.138033 0.158917 0.171336 0.184283 0.201058 0.215759 0.229847 0.242884 0.253846 0.26458 0.273378 0.281887 0.289915]);

% axial roation (6N) data converted to degrees.
ta6=[2 2.05026 2.11433 2.16433 2.21433 2.26433 2.31433 2.36433 2.41433 2.46433 2.51433 2.56433 2.61433 2.66433 2.72371 2.75007 2.8094 2.86877 2.91887 2.95447 3 ];
ur1a6=(180/pi)*(.046461+[-0.046461 0.0120134 0.0225821 0.0326221 0.0346589 0.0376811 0.0392403 0.0416189 0.0431029 0.0446674 0.0469115 0.0501583 0.0529518 0.0550387 0.0577096 0.0605975 0.0635991 0.0667291 0.070642 0.0735443 0.075722]);
ur2a6=(180/pi)*(-.00585777+[0.00585777 0.00326802 -0.0212194 -0.0443153 -0.0531256 -0.0720561 -0.082076 -0.0957176 -0.104243 -0.112443 -0.121757 -0.133206 -0.142142 -0.148118 -0.155054 -0.161535 -0.167544 -0.173199 -0.1795 -0.183733 -0.186727]);
ur3a6=(180/pi)*(-.0178048+[0.0178048 -0.000432237 -0.0357116 -0.0723013 -0.0853066 -0.112844 -0.127303 -0.147426 -0.160062 -0.172559 -0.187227 -0.20545 -0.220143 -0.230185 -0.242165 -0.253802 -0.265047 -0.275957 -0.288593 -0.297423 -0.303869]);

% axial rotation (6P) data converted to degrees
tb6=[2 2.05026 2.11433 2.15261 2.2098 2.25679 2.30943 2.35333 2.40624 2.4511 2.50404 2.55744 2.60598 2.66477 2.70156 2.77304 2.80429 2.86109 2.90333 2.95384 3];
ur1b6=(180/pi)*(.046461+[-0.046461 -0.0442157 -0.0403981 -0.0371732 -0.0303606 -0.0229673 -0.0142684 -0.00756481 -0.000874363 0.00421245 0.00968479 0.0148364 0.0196412 0.025531 0.0291696 0.0361057 0.039017 0.0440077 0.0474514 0.051356 0.0548259]);
ur2b6=(180/pi)*(-.00585777+[0.00585777 0.0139065 0.0316258 0.0435986 0.0628339 0.079047 0.0963183 0.109871 0.125801 0.138728 0.153466 0.167843 0.180278 0.194382 0.202635 0.217346 0.223255 0.233188 0.239912 0.247345 0.25374 ]);
ur3b6=(180/pi)*(-.0178048+[0.0178048 0.0282052 0.051683 0.068339 0.0967203 0.121959 0.149398 0.170857 0.194342 0.212771 0.23321 0.252614 0.269334 0.288446 0.299769 0.320366 0.32885 0.34349 0.35374 0.365401 0.375664]);

%% Part-2-1.N-C4-EP
% extension (4N) data converted to degrees
tc=[2 2.05126 2.11533 2.17471 2.20447 2.25221 2.30059 2.35788 2.41099 2.45099 2.50605 2.55427 2.60174 2.65492 2.70335 2.75569 2.80363 2.85302 2.90564 2.95047 3];
ur1c=(180/pi)*(.0652219+[-0.0652219 -0.0678079 -0.0780829 -0.08993 -0.0965624 -0.107933 -0.12038 -0.136916 -0.153658 -0.167095 -0.18842 -0.21314 -0.241012 -0.274491 -0.306763 -0.343943 -0.379506 -0.417255 -0.457065 -0.490476 -0.527491]);
ur2c=(180/pi)*(-.00575355+[0.00575355 0.00876211 0.0115177 0.0136299 0.0145683 0.0158161 0.0168639 0.0177434 0.0183105 0.0185527 0.0185564 0.0184826 0.0181009 0.017387 0.0165195 0.0152686 0.0138928 0.0121854 0.0102091 0.0083124 0.00594123]);
ur3c=(180/pi)*(-.0145811+[0.0145811 0.016823 0.0192073 0.021282 0.0221676 0.0233724 0.0246094 0.0260628 0.0272437 0.0279853 0.0286537 0.0290683 0.0293763 0.0295325 0.0294775 0.0291958 0.0287587 0.0281247 0.0272176 0.0263719 0.0252691]);

% flexion (4P) data converted to degrees
td=[2 2.05126 2.11533 2.16533 2.2247 2.26689 2.31689 2.36689 2.42627 2.46846 2.52783 2.57002 2.60127 2.65098 2.70667 2.75577 2.81523 2.85038 2.90628 2.96349 3];
ur1d=(180/pi)*(.0652219+[-0.0652219 -0.0599489 -0.0445372 -0.0278231 -0.00967535 0.00405053 0.0201429 0.0353064 0.0533949 0.0669229 0.0868054 0.101659 0.112803 0.130856 0.151499 0.169747 0.191797 0.204746 0.225209 0.245927 0.25903 ]);
ur2d=(180/pi)*(-.00575355+[0.00575355 0.00878705 0.0126534 0.0157421 0.0185835 0.0206105 0.0224306 0.023907 0.0255792 0.0266279 0.027932 0.0287482 0.0293586 0.0303489 0.0313938 0.0322458 0.0331944 0.0337213 0.0345208 0.0353228 0.0358292]);
ur3d=(180/pi)*(-.0145811+[0.0145811 0.0169057 0.0201926 0.0226505 0.0253269 0.0267117 0.0285401 0.0302412 0.0320307 0.0332059 0.0348375 0.0359843 0.036731 0.0374607 0.0375919 0.0373691 0.0368628 0.0364826 0.0357927 0.0349756 0.034424 ]);

% lateral bending (5N) data converted to degrees
tc5=[2 2.05026 2.11433 2.16433 2.21433 2.27371 2.30007 2.35578 2.40928 2.45979 2.52161 2.5572 2.60603 2.68118 2.71243 2.7511 2.82625 2.8575 2.91199 2.97132 3];
ur1c5=(180/pi)*(.0652219+[-0.0652219 -0.0638241 -0.0621553 -0.0606192 -0.059022 -0.0573316 -0.0567365 -0.0558345 -0.0555319 -0.055887 -0.0569443 -0.0579648 -0.0595916 -0.0632077 -0.0650475 -0.0677532 -0.0741011 -0.0770513 -0.0827925 -0.0899534 -0.0936318]);
