%% Range of  motion for model6_LatSlide_NoTether
%% Part-2-1.LOADNODE
% extension (4N) data converted to degrees
ta=[2 2.05467 2.1077 2.15244 2.20335 2.25035 2.30555 2.35774 2.40313 2.45015 2.50252 2.55284 2.60017 2.65712 2.70364 2.75106 2.80515 2.85128 2.90047 2.95082 3 ];
ur1a=(180/pi)*(0.052485+[-0.052485 -0.0475053 -0.0673883 -0.0877582 -0.114441 -0.142181 -0.17746 -0.212653 -0.245322 -0.281413 -0.332281 -0.385314 -0.435718 -0.497987 -0.548823 -0.599437 -0.654611 -0.700707 -0.74884 -0.798461 -0.849867]);
ur2a=(180/pi)*(0.000895188+[-0.000895188 0.0105012 0.0148473 0.0167389 0.0179056 0.0184685 0.0181425 0.0168373 0.0149495 0.012417 0.0092726 0.00570104 0.00214012 -0.00217967 -0.00574678 -0.0092046 -0.0129111 -0.0160426 -0.0189022 -0.0218509 -0.0243764]);
ur3a=(180/pi)*(-0.0159214+[0.0159214 0.0217682 0.0256518 0.0280057 0.0304226 0.0325806 0.0344956 0.0355344 0.0358587 0.0359484 0.0357561 0.0353602 0.0347202 0.0338765 0.03311 0.0322413 0.0311916 0.0304037 0.0299827 0.0299564 0.030403]);

% flexion (4P) data converted to degrees
tb=[2 2.06926 2.1039 2.16327 2.20546 2.25429 2.30079 2.35429 2.4315 2.46157 2.514 2.56038 2.60079 2.65194 2.70721 2.75135 2.80366 2.85454 2.91895 2.95814 3];
ur1b=(180/pi)*(0.052485+[-0.052485 0.00814587 0.0385449 0.0859674 0.117176 0.15091 0.180014 0.210804 0.252519 0.268131 0.294618 0.317434 0.336776 0.360584 0.385635 0.405155 0.427644 0.448983 0.475167 0.490725 0.50713]);
ur2b=(180/pi)*(0.000895188+[-0.000895188 0.022116 0.0282026 0.0349922 0.0372935 0.0389287 0.0398259 0.040441 0.0410245 0.0413408 0.0419442 0.0424912 0.0429412 0.0434709 0.0440299 0.044511 0.0450597 0.045607 0.0462668 0.0466616 0.0470989]);
ur3b=(180/pi)*(-0.0159214+[0.0159214 0.0304103 0.034448 0.0372836 0.037446 0.0371624 0.0362963 0.0350056 0.0329502 0.0322113 0.0312279 0.0304924 0.0298853 0.0291455 0.0284096 0.0278422 0.0272163 0.0267051 0.0260413 0.0256528 0.02526]);

% lateral bending (5N) data converted to degrees
ta5=[2 2.06926 2.11544 2.15658 2.22964 2.26089 2.30352 2.35172 2.40991 2.47326 2.50451 2.56164 2.6091 2.65161 2.70076 2.78645 2.82704 2.86763 2.90822 2.98941 3 ];
ur1a5=(180/pi)*(0.052485+[-0.052485 -0.0264572 -0.0208647 -0.0170868 -0.0166749 -0.0184501 -0.0231053 -0.0308693 -0.0433882 -0.0599052 -0.0685314 -0.0850524 -0.0983707 -0.109469 -0.121052 -0.138398 -0.145759 -0.152687 -0.159227 -0.17144 -0.172969]);
ur2a5=(180/pi)*(0.000895188+[-0.000895188 -0.00869097 -0.0287028 -0.0485795 -0.0830429 -0.0972241 -0.115908 -0.136322 -0.160783 -0.186821 -0.199213 -0.220719 -0.236829 -0.249895 -0.263706 -0.285546 -0.295264 -0.304612 -0.313662 -0.331225 -0.33349]);
ur3a5=(180/pi)*(-0.0159214+[0.0159214 0.00581688 -0.0117891 -0.0290636 -0.0578804 -0.0692239 -0.0834959 -0.0982137 -0.114607 -0.131154 -0.138755 -0.151241 -0.160024 -0.166875 -0.17412 -0.185626 -0.190669 -0.195452 -0.200036 -0.208616 -0.209697]);

% lateral bending (5P) data converted to degrees
tb5=[2 2.06926 2.11039 2.16205 2.20253 2.25469 2.30237 2.35235 2.40447 2.45402 2.50951 2.55995 2.60457 2.66104 2.70282 2.76219 2.80057 2.85371 2.90136 2.95138 3];
ur1b5=(180/pi)*(0.052485+[-0.052485 -0.0226742 -0.0144954 -0.00780142 -0.00659088 -0.00966739 -0.0157539 -0.0251983 -0.0376443 -0.0516276 -0.0685851 -0.0843448 -0.0981892 -0.113447 -0.12291 -0.134292 -0.141093 -0.14976 -0.156894 -0.164001 -0.170726]);
ur2b5=(180/pi)*(0.000895188+[-0.000895188 0.0473574 0.0761817 0.108727 0.131462 0.158208 0.180575 0.202936 0.225672 0.246794 0.269689 0.288683 0.303835 0.319444 0.329783 0.343361 0.351725 0.362825 0.372425 0.382203 0.391483]);
ur3b5=(180/pi)*(-0.0159214+[0.0159214 0.0508617 0.0750892 0.103169 0.122454 0.144624 0.1627 0.180323 0.197351 0.212524 0.228231 0.240334 0.249916 0.258903 0.264706 0.27229 0.276907 0.282932 0.288019 0.293126 0.297798]);

% axial roation (6N) data converted to degrees.
ta6=[2 2.0665 2.14963 2.19963 2.24963 2.29963 2.34963 2.39963 2.44963 2.49963 2.54963 2.59963 2.64963 2.69963 2.74963 2.79963 2.84963 2.89963 2.94963 2.99963 3 ];
ur1a6=(180/pi)*(.052485+[-0.052485 -0.00140975 0.0147398 0.0258097 0.0333074 0.0359328 0.0377871 0.0400155 0.0426987 0.0442567 0.0468691 0.0493143 0.0514721 0.0551093 0.0574065 0.0598711 0.0628877 0.0660312 0.069938 0.0728451 0.0750063]);
ur2a6=(180/pi)*(0.000895188+[-0.000895188 0.00465049 -0.0184293 -0.0365566 -0.0537644 -0.0682632 -0.0790553 -0.0914608 -0.105855 -0.113545 -0.123769 -0.132217 -0.1392 -0.149635 -0.155448 -0.160935 -0.166986 -0.172659 -0.178997 -0.183243 -0.186227]);
ur3a6=(180/pi)*(-0.0159214+[0.0159214 0.00281589 -0.0318512 -0.0608275 -0.0880676 -0.109075 -0.124584 -0.142602 -0.164033 -0.175762 -0.191819 -0.205266 -0.216656 -0.234142 -0.244221 -0.254066 -0.26535 -0.276298 -0.288973 -0.297819 -0.304225]);

% axial rotation (6P) data converted to degrees
tb6=[2 2.05486 2.10789 2.15953 2.21347 2.25039 2.30255 2.36524 2.40407 2.45974 2.50483 2.55731 2.60253 2.65367 2.70049 2.76158 2.81718 2.85019 2.90883 2.95766 3 ];
ur1b6=(180/pi)*(0.052485+[-0.052485 -0.0296333 -0.0226833 -0.0122947 -0.000383148 0.0072618 0.0167677 0.0256583 0.0300444 0.0350391 0.0384109 0.0418957 0.0445508 0.0473438 0.0497847 0.0529751 0.0559715 0.0577377 0.0609397 0.0636716 0.066157]);
ur2b6=(180/pi)*(0.000895188+[-0.000895188 0.0211941 0.0461103 0.0709248 0.0946007 0.109431 0.128319 0.148663 0.160016 0.17483 0.185599 0.197032 0.206015 0.215303 0.223159 0.232445 0.239949 0.24425 0.251333 0.256908 0.261529]);
ur3b6=(180/pi)*(-0.0159214+[0.0159214 0.0376889 0.0682209 0.102075 0.136903 0.158706 0.186175 0.21359 0.228752 0.248551 0.263289 0.279328 0.29216 0.305773 0.317644 0.332365 0.345053 0.352345 0.364804 0.374862 0.383429]);

%% Part-2-1.N-C4-EP
% extension (4N) data converted to degrees
tc=[2 2.05467 2.1077 2.15244 2.20335 2.25035 2.30555 2.35774 2.40313 2.45015 2.50252 2.55284 2.60017 2.65712 2.70364 2.75106 2.80515 2.85128 2.90047 2.95082 3 ];
ur1c=(180/pi)*(0.0602615+[-0.0602615 -0.0606077 -0.0732025 -0.0868442 -0.105885 -0.126913 -0.155053 -0.184474 -0.211995 -0.242203 -0.286881 -0.334286 -0.379509 -0.435674 -0.482015 -0.528349 -0.578897 -0.62131 -0.665683 -0.711564 -0.759336]);
ur2c=(180/pi)*(0.000934409+[-0.000934409 0.0109267 0.0163662 0.019764 0.0226128 0.0244429 0.0253913 0.0253431 0.0246136 0.0234183 0.0218162 0.0196818 0.0173208 0.0142473 0.0115962 0.00888622 0.00581675 0.00309891 0.000606802 -0.00207801 -0.00424477]);
ur3c=(180/pi)*(-0.0128691+[0.0128691 0.0186289 0.0229688 0.026054 0.029165 0.0316384 0.0337168 0.0349771 0.0354789 0.0357134 0.0355725 0.0351472 0.0343626 0.0331953 0.0321306 0.0308912 0.0293862 0.0281854 0.0272721 0.0266713 0.026516 ]);

% flexion (4P) data converted to degrees
td=[2 2.06926 2.1039 2.16327 2.20546 2.25429 2.30079 2.35429 2.4315 2.46157 2.514 2.56038 2.60079 2.65194 2.70721 2.75135 2.80366 2.85454 2.91895 2.95814 3 ];
ur1d=(180/pi)*(0.0602615+[-0.0602615 -0.0194494 0.00623009 0.0449955 0.0697471 0.096033 0.118253 0.14143 0.172556 0.184171 0.203893 0.220814 0.235185 0.252909 0.271591 0.286168 0.303008 0.318951 0.338638 0.350388 0.362819]);
ur2d=(180/pi)*(0.000934409+[-0.000934409 0.020751 0.0262496 0.0321423 0.0340083 0.03525 0.0358555 0.0362116 0.0364883 0.0366958 0.037103 0.0374578 0.0377418 0.03808 0.0384714 0.0388209 0.0392287 0.039613 0.0401215 0.0404377 0.0407799]);
ur3d=(180/pi)*(-0.0128691+[0.0128691 0.0267885 0.0307442 0.0334514 0.0336616 0.0335136 0.0328187 0.0317621 0.0300882 0.0295075 0.0288004 0.0282886 0.0278773 0.0273839 0.0268853 0.0264869 0.026049 0.0256321 0.0251404 0.0248685 0.0245866]);

% lateral bending (5N) data converted to degrees
tc5=[2 2.06926 2.11544 2.15658 2.22964 2.26089 2.30352 2.35172 2.40991 2.47326 2.50451 2.56164 2.6091 2.65161 2.70076 2.78645 2.82704 2.86763 2.90822 2.98941 3 ];
ur1c5=(180/pi)*(0.0602615+[-0.0602615 -0.0447551 -0.0381846 -0.0335493 -0.0314072 -0.0322276 -0.0354117 -0.0415896 -0.0523672 -0.067228 -0.0751029 -0.0901176 -0.102087 -0.111989 -0.122152 -0.137154 -0.143456 -0.149443 -0.155145 -0.165998 -0.16738]);
