%% Range of  motion for model3_APslide_tether
%% Part-2-1.LOADNODE
% extension (4N) data converted to degrees
ta=[2 2.05126 2.11533 2.16533 2.20361 2.25215 2.30482 2.35211 2.4011 2.4565 2.50468 2.55973 2.60432 2.65144 2.70196 2.75595 2.80367 2.85248 2.91084 2.96199 3];
ur1a=(180/pi)*(.037545+[-0.037545 -0.0430684 -0.0572437 -0.0717729 -0.0837964 -0.0999362 -0.117711 -0.13338 -0.149878 -0.16917 -0.186829 -0.20806 -0.225661 -0.24489 -0.266382 -0.290164 -0.311618 -0.333969 -0.361201 -0.38556 -0.403913 ]);
ur2a=(180/pi)*(-.0202424+[0.0202424 0.0206228 0.0201719 0.0191473 0.0181829 0.0169045 0.0156128 0.0145871 0.0134494 0.0120161 0.0106166 0.00878938 0.00715534 0.00542195 0.00361492 0.00162662 -0.000228805 -0.00224891 -0.00471851 -0.00693815 -0.00860177]);
ur3a=(180/pi)*(-.029053+[0.029053 0.0296005 0.0297953 0.0296541 0.0294798 0.0292367 0.0291834 0.0293618 0.0295168 0.0295868 0.0296023 0.0295827 0.0294747 0.0292727 0.0290495 0.0288225 0.0285634 0.0281904 0.027583 0.02701 0.0266239 ]);

% flexion (4P) data converted to degrees
tb=[2 2.05126 2.11533 2.16533 2.2247 2.26689 2.31689 2.36689 2.42627 2.45263 2.51196 2.57134 2.62143 2.65745 2.70443 2.7639 2.80111 2.85094 2.90531 2.96081 3 ];
ur1b=(180/pi)*(.037545+[-0.037545 -0.028804 -0.00942534 0.010352 0.0342265 0.0514246 0.0722726 0.0922759 0.115429 0.125621 0.148913 0.172842 0.193567 0.208723 0.228838 0.254524 0.270755 0.292584 0.316409 0.34064 0.357694 ]);
ur2b=(180/pi)*(-.0202424+[0.0202424 0.0218387 0.0244542 0.0269072 0.0294228 0.0309467 0.032468 0.0336712 0.0348851 0.0353966 0.0364557 0.0374246 0.0382095 0.0387751 0.0395049 0.040424 0.0409463 0.0415874 0.0422395 0.0428696 0.0433071  ]);
ur3b=(180/pi)*(-.029053+[0.029053 0.0300364 0.0317038 0.0331406 0.0347025 0.0355372 0.0365085 0.0374388 0.0384855 0.0388846 0.039722 0.040611 0.0413857 0.04192 0.0425156 0.0428193 0.0427281 0.0423687 0.0417632 0.0409647 0.0403498 ]);

% lateral bending (5N) data converted to degrees
ta5=[2 2.05126 2.11533 2.16533 2.21533 2.26533 2.32471 2.35107 2.40206 2.45356 2.50055 2.56107 2.60246 2.65199 2.71178 2.76467 2.80998 2.85632 2.94802 2.96052 3 ];
ur1a5=(180/pi)*(.037545+[-0.037545 -0.0369662 -0.0368678 -0.0370961 -0.037434 -0.0378757 -0.0387526 -0.0392564 -0.0403991 -0.0417983 -0.0433564 -0.0456839 -0.0473837 -0.0496111 -0.0525051 -0.0551521 -0.0574878 -0.0599647 -0.0652842 -0.0660324 -0.0684685 ]);
ur2a5=(180/pi)*(-.0202424+[0.0202424 0.0161316 0.004977 -0.00640114 -0.0191288 -0.0328014 -0.0496812 -0.057347 -0.0722847 -0.0873392 -0.100997 -0.118287 -0.129775 -0.14328 -0.15936 -0.173352 -0.185151 -0.197079 -0.220511 -0.2237 -0.233709]);
ur3a5=(180/pi)*(-.029053+[0.029053 0.0272567 0.0204174 0.0127831 0.00377614 -0.00635228 -0.019117 -0.0250092 -0.0367312 -0.0486913 -0.0595613 -0.0734406 -0.0829284 -0.0941653 -0.107431 -0.118862 -0.128361 -0.137771 -0.155235 -0.157545 -0.164638 ]);

% lateral bending (5P) data converted to degrees
tb5=[2 2.05126 2.11533 2.17471 2.20107 2.25991 2.30337 2.35035 2.40609 2.45257 2.51312 2.55394 2.60039 2.6528 2.7013 2.75933 2.80608 2.85863 2.92741 2.95108 3  ];
ur1b5=(180/pi)*(.037545+[-0.037545 -0.0363723 -0.0345854 -0.032797 -0.0319639 -0.0301276 -0.0288926 -0.0278008 -0.0270287 -0.0269828 -0.0275833 -0.0283364 -0.0294056 -0.0308576 -0.0323907 -0.0343995 -0.0361856 -0.0383359 -0.0413918 -0.0424781 -0.044815 ]);
ur2b5=(180/pi)*(-.0202424+[0.0202424 0.0258675 0.0387863 0.0534704 0.060656 0.077776 0.0910881 0.105793 0.123117 0.137255 0.155213 0.167052 0.18037 0.195251 0.208858 0.224952 0.237765 0.251962 0.270297 0.276564 0.289458 ]);
ur3b5=(180/pi)*(-.029053+[0.029053 0.0319782 0.0403885 0.0509031 0.0562995 0.0696965 0.0805324 0.092913 0.107744 0.119971 0.135536 0.145835 0.157417 0.170284 0.182002 0.195814 0.206706 0.218549 0.233472 0.238479 0.248581 ]);

% axial roation (6N) data converted to degrees.
ta6=[2 2.05026 2.11433 2.16433 2.21433 2.26433 2.31433 2.36433 2.41433 2.46433 2.51433 2.56433 2.61433 2.66433 2.71433 2.76433 2.81433 2.87371 2.91589 2.96589 3 ];
ur1a6=(180/pi)*(.037545+[-0.037545 -0.0374682 -0.0374107 -0.0373851 -0.0373729 -0.0373685 -0.0373629 -0.0373564 -0.0373115 -0.0372399 -0.0371438 -0.037027 -0.0368775 -0.0366698 -0.0363863 -0.0360081 -0.0355077 -0.0348102 -0.0342202 -0.0334221 -0.0328315]);
ur2a6=(180/pi)*(-.0202424+[0.0202424 0.0201755 0.0195155 0.0185639 0.0173021 0.0157477 0.0139385 0.0118857 0.00961541 0.00714265 0.00448636 0.0016623 -0.00130095 -0.00436482 -0.00752048 -0.0107806 -0.0141309 -0.0181921 -0.0211618 -0.024736 -0.0271956]);
ur3a6=(180/pi)*(-.029053+[0.029053 0.028463 0.0265249 0.0242796 0.0215266 0.0182975 0.0146095 0.0104977 0.0059705 0.00104918 -0.00425461 -0.00991736 -0.0159306 -0.0223032 -0.0290129 -0.0360289 -0.0433454 -0.0522945 -0.0589107 -0.0669999 -0.0726282]);

% axial rotation (6P) data converted to degrees
tb6=[2 2.05126 2.11533 2.16533 2.20361 2.25315 2.31416 2.35262 2.41143 2.46244 2.50012 2.56211 2.62242 2.66 2.71937 2.76156 2.81214 2.87147 2.90272 2.95721 3 ];
ur1b6=(180/pi)*(.037545+[-0.037545 -0.0364247 -0.0344043 -0.032157 -0.0301534 -0.0268723 -0.0214115 -0.0174692 -0.0110669 -0.00553642 -0.00170689 0.00375719 0.00802612 0.0104225 0.0140821 0.0167672 0.020139 0.0242921 0.0265245 0.0304607 0.033567 ]);
ur2b6=(180/pi)*(-.0202424+[0.0202424 0.0234971 0.0325339 0.0419751 0.0497574 0.0607807 0.0755359 0.0851115 0.0997014 0.112009 0.120731 0.134528 0.147343 0.155098 0.167107 0.175483 0.185374 0.196593 0.202365 0.212122 0.21956 ]);
ur3b6=(180/pi)*(-.029053+[0.029053 0.0343332 0.0481776 0.062685 0.074895 0.0927422 0.117576 0.134015 0.159423 0.180534 0.195258 0.217991 0.238401 0.25044 0.268894 0.281542 0.296413 0.313262 0.321956 0.336716 0.347954 ]);

%% Part-2-1.N-C4-EP
% extension (4N) data converted to degrees
tc=[2 2.05126 2.11533 2.16533 2.20361 2.25215 2.30482 2.35211 2.4011 2.4565 2.50468 2.55973 2.60432 2.65144 2.70196 2.75595 2.80367 2.85248 2.91084 2.96199 3];
ur1c=(180/pi)*(.0565874+[-0.0565974 -0.0577462 -0.0647291 -0.0724162 -0.0789642 -0.0882514 -0.0989766 -0.109356 -0.120852 -0.134503 -0.146797 -0.161764 -0.174782 -0.189569 -0.206359 -0.225223 -0.242754 -0.261375 -0.284335 -0.305091 -0.320855]);
ur2c=(180/pi)*(-.0197122+[0.0197122 0.020485 0.0209766 0.0213094 0.0216256 0.0219802 0.0222129 0.0222909 0.0223064 0.0222453 0.0221306 0.021828 0.021426 0.02095 0.0203372 0.019474 0.018524 0.0173039 0.015576 0.0139437 0.0126751]);
ur3c=(180/pi)*(-.025591+[0.025591 0.0262235 0.0267579 0.0272511 0.0277102 0.0281984 0.0286749 0.0291664 0.0296702 0.0301561 0.0305028 0.0307937 0.0309502 0.0310116 0.0309693 0.0307862 0.0305427 0.0301345 0.0294096 0.0287128 0.0282023]);

% flexion (4P) data converted to degrees
td=[2 2.05126 2.11533 2.16533 2.2247 2.26689 2.31689 2.36689 2.42627 2.45263 2.51196 2.57134 2.62143 2.65745 2.70443 2.7639 2.80111 2.85094 2.90531 2.96081 3];
ur1d=(180/pi)*(.0565874+[-0.0565974 -0.0525288 -0.0401476 -0.0261677 -0.0104852 0.00101843 0.0152242 0.0282684 0.0433817 0.0501432 0.0660118 0.0827426 0.0974872 0.108422 0.123059 0.142001 0.154119 0.170544 0.188578 0.207093 0.220177]);
ur2d=(180/pi)*(-.0197122+[0.0197122 0.0208533 0.0228138 0.0247276 0.0264098 0.0274507 0.0285005 0.0292623 0.0300248 0.0303677 0.0310767 0.0316965 0.0321904 0.0325418 0.0330094 0.0336413 0.0340173 0.0344979 0.0349941 0.0354874 0.0358339]);
ur3d=(180/pi)*(-.025591+[0.025591 0.0264601 0.0280476 0.0294086 0.0308096 0.0315965 0.0325989 0.0336435 0.0348707 0.0353715 0.0364625 0.0376017 0.0385888 0.0392483 0.0399618 0.0404069 0.0404233 0.0402264 0.0397854 0.0391619 0.0386416 ]);

% lateral bending (5N) data converted to degrees
tc5=[2 2.05126 2.11533 2.16533 2.21533 2.26533 2.32471 2.35107 2.40206 2.45356 2.50055 2.56107 2.60246 2.65199 2.71178 2.76467 2.80998 2.85632 2.94802 2.96052 3];
ur1c5=(180/pi)*(.0565874+[-0.0565974 -0.0558028 -0.054955 -0.0542649 -0.0535923 -0.0528865 -0.0519742 -0.0516285 -0.0512165 -0.0511835 -0.0514791 -0.0523427 -0.0530656 -0.0540463 -0.0554373 -0.056848 -0.0582031 -0.0597375 -0.0633262 -0.063844 -0.0655878 ]);
