%% Range of  motion for model15_intact
%% Part-2-1.LOADNODE
% extension (4N) data converted to degrees
ta=[2 2.05 2.1 2.15 2.2 2.25 2.30198 2.35365 2.40358 2.45421 2.50322 2.55384 2.60384 2.65565 2.70225 2.75206 2.80139 2.85108 2.90339 2.95085 3];
ur1a=(180/pi)*(.0205066+[-0.0205066 -0.0298893 -0.0477296 -0.0716385 -0.099162 -0.129611 -0.164057 -0.199558 -0.234353 -0.269946 -0.304669 -0.340434 -0.375066 -0.410139 -0.44098 -0.472812 -0.502652 -0.530067 -0.556275 -0.578555 -0.6008]);
ur2a=(180/pi)*(-0.0202632+[0.0202632 0.0218266 0.0217515 0.0207439 0.0193011 0.0176768 0.0159041 0.0142677 0.0123985 0.00990058 0.00744151 0.00468194 0.00223841 0.000844617 0.000600662 0.000147015 -0.000767379 -0.00238377 -0.00410726 -0.00565628 -0.00693068]);
ur3a=(180/pi)*(-0.0240436+[0.0240436 0.025329 0.0257328 0.0260202 0.0264793 0.027027 0.0274758 0.0280075 0.0281978 0.0278315 0.0276175 0.0275731 0.027722 0.0290928 0.0309247 0.032723 0.0339766 0.0344876 0.0350105 0.0354793 0.036172 ]);

% flexion (4P) data converted to degrees
tb=[2 2.0575 2.1025 2.16719 2.21465 2.2716 2.32233 2.35879 2.40155 2.47973 2.51017 2.56326 2.61022 2.66193 2.70424 2.75779 2.80445 2.8546 2.90442 2.95797 3];
ur1b=(180/pi)*(.0205066+[-0.0205066 0.022387 0.0591239 0.103132 0.128801 0.157422 0.182281 0.200008 0.220675 0.257942 0.272269 0.296833 0.318131 0.341082 0.359436 0.3822 0.401684 0.422243 0.442301 0.463425 0.479772 ]);
ur2b=(180/pi)*(-0.0202632+[0.0202632 0.0265976 0.0276093 0.0287977 0.0299772 0.0317055 0.0332953 0.0343774 0.0355332 0.0373643 0.0380032 0.0391182 0.0400972 0.0411377 0.0419414 0.0428591 0.0435825 0.0442832 0.0449454 0.0456125 0.0461539]);
ur3b=(180/pi)*(-0.0240436+[0.0240436 0.0269706 0.0260908 0.0248329 0.0242246 0.0237535 0.0232301 0.0227506 0.0221822 0.0213005 0.0210065 0.0205338 0.0201325 0.0196452 0.0192658 0.0188993 0.0185902 0.0182356 0.0178889 0.0175197 0.0172944]);

% lateral bending (5N) data converted to degrees
ta5=[2 2.0675 2.10125 2.16062 2.21688 2.26697 2.30924 2.35429 2.40779 2.45293 2.51808 2.55698 2.61406 2.65527 2.70375 2.75725 2.8064 2.86587 2.90654 2.96524 3];
ur1a5=(180/pi)*(.0205066+[-0.0205066 -0.0041077 -0.0023325 -0.00675527 -0.0166639 -0.0287057 -0.0411431 -0.0557522 -0.0733239 -0.0874406 -0.105439 -0.114421 -0.12583 -0.13312 -0.140625 -0.14814 -0.154774 -0.162631 -0.167721 -0.174707 -0.178665]);
ur2a5=(180/pi)*(-0.0202632+[0.0202632 -0.00550939 -0.0228135 -0.0498026 -0.0748192 -0.097115 -0.115951 -0.135976 -0.158625 -0.176761 -0.200134 -0.212457 -0.228936 -0.239752 -0.251576 -0.26389 -0.274818 -0.287568 -0.295984 -0.307783 -0.314574]);
ur3a5=(180/pi)*(-0.0240436+[0.0240436 0.00193266 -0.0124684 -0.0344133 -0.0528499 -0.0680735 -0.0801815 -0.0927491 -0.107048 -0.118076 -0.131382 -0.138219 -0.147235 -0.152878 -0.15896 -0.165253 -0.170798 -0.177258 -0.18143 -0.187242 -0.190607]);

% lateral bending (5P) data converted to degrees
tb5=[2 2.05 2.10719 2.15841 2.20749 2.25204 2.30359 2.36468 2.40251 2.45207 2.50137 2.56422 2.60772 2.65475 2.70141 2.75163 2.81747 2.85415 2.90465 2.96581 3];
ur1b5=(180/pi)*(.0205066+[-0.0205066 -0.00359024 -0.0015751 -0.00826658 -0.019306 -0.0319158 -0.0482777 -0.0672897 -0.0785552 -0.0927501 -0.105274 -0.117778 -0.124909 -0.131178 -0.136469 -0.141771 -0.148444 -0.152134 -0.157175 -0.163087 -0.166252]);
ur2b5=(180/pi)*(-0.0202632+[0.0202632 0.0486725 0.0788472 0.104959 0.129536 0.151668 0.176737 0.204542 0.220979 0.241053 0.258826 0.277464 0.289098 0.300243 0.310654 0.32123 0.334402 0.341569 0.351278 0.362696 0.368916]);
ur3b5=(180/pi)*(-0.0240436+[0.0240436 0.0462779 0.0713976 0.0932587 0.113112 0.130301 0.149352 0.16943 0.180732 0.193373 0.20414 0.21507 0.221919 0.227963 0.233411 0.238891 0.245697 0.249372 0.254328 0.260098 0.263165]);

% axial roation (6N) data converted to degrees.
ta6=[2 2.0575 2.1047 2.15542 2.22863 2.25714 2.30144 2.3674 2.40898 2.46323 2.51338 2.55396 2.60266 2.65487 2.708 2.76753 2.82255 2.85683 2.90566 2.95411 3 ];
ur1a6=(180/pi)*(.0205066+[-0.0205066 -0.00169448 0.00863487 0.0136566 0.0156507 0.0160754 0.0166869 0.017641 0.0184088 0.0197306 0.0211351 0.0225084 0.024301 0.026451 0.0288926 0.0315218 0.0339811 0.0356539 0.0381938 0.0408318 0.0434297]);
ur2a6=(180/pi)*(-0.0202632+[0.0202632 0.00402375 -0.0134974 -0.028586 -0.0479725 -0.0550288 -0.065471 -0.0796907 -0.0879217 -0.0977758 -0.106506 -0.11329 -0.120869 -0.128375 -0.135517 -0.143 -0.149454 -0.153293 -0.158497 -0.163367 -0.167764]);
ur3a6=(180/pi)*(-0.0240436+[0.0240436 -0.00276649 -0.0296697 -0.0526765 -0.0804747 -0.0903552 -0.104924 -0.125277 -0.137411 -0.152434 -0.165755 -0.176175 -0.18825 -0.200707 -0.21288 -0.225944 -0.237586 -0.244704 -0.254615 -0.264242 -0.273233]);

% axial rotation (6P) data converted to degrees
tb6=[2 2.0575 2.10171 2.15243 2.21614 2.25202 2.3077 2.35301 2.40975 2.45206 2.50317 2.55517 2.6029 2.65687 2.71794 2.76183 2.80173 2.85494 2.90035 2.95138 3];
ur1b6=(180/pi)*(.0205066+[-0.0205066 -0.0010398 0.00560354 0.00983503 0.0125478 0.0134008 0.0144193 0.0148838 0.0159848 0.0171947 0.0187838 0.0205109 0.0222502 0.0246788 0.0278241 0.0301961 0.0324841 0.0356821 0.0385041 0.0416782 0.04485]);
ur2b6=(180/pi)*(-0.0202632+[0.0202632 0.0477399 0.0647439 0.0817891 0.101881 0.112361 0.127846 0.139879 0.153404 0.16237 0.172317 0.181585 0.189523 0.197832 0.206303 0.211938 0.216828 0.222988 0.227951 0.233237 0.237988]);
ur3b6=(180/pi)*(-0.0240436+[0.0240436 0.0583042 0.0843901 0.111873 0.143265 0.159278 0.181444 0.197289 0.215356 0.227733 0.241784 0.255191 0.266791 0.279342 0.292836 0.302081 0.310278 0.320855 0.329706 0.339432 0.348438]);

%% Part-2-1.N-C4-EP
% extension (4N) data converted to degrees
tc=[2 2.05 2.1 2.15 2.2 2.25 2.30198 2.35365 2.40358 2.45421 2.50322 2.55384 2.60384 2.65565 2.70225 2.75206 2.80139 2.85108 2.90339 2.95085 3];
ur1c=(180/pi)*(0.0319997+[-0.0319997 -0.036271 -0.0484189 -0.0657312 -0.0871508 -0.112005 -0.140835 -0.171156 -0.2013 -0.232071 -0.261775 -0.292244 -0.322156 -0.352609 -0.379413 -0.406835 -0.432487 -0.455979 -0.478146 -0.496726 -0.515118]);
ur2c=(180/pi)*(-0.0185536+[0.0185536 0.0206094 0.0213386 0.0217489 0.0220589 0.0222341 0.0222687 0.0220506 0.0214038 0.0203064 0.0192543 0.0181288 0.0173836 0.0176887 0.0187696 0.0194722 0.0196253 0.0188945 0.0178656 0.01686 0.016028]);
ur3c=(180/pi)*(-0.0202672+[0.0202672 0.021677 0.0223754 0.0233417 0.024679 0.0260607 0.0271815 0.02806 0.0284661 0.0283696 0.0283674 0.028556 0.028957 0.0304848 0.0322734 0.0338291 0.0348248 0.0350766 0.035294 0.0354414 0.03574]);

% flexion (4P) data converted to degrees
td=[2 2.0575 2.1025 2.16719 2.21465 2.2716 2.32233 2.35879 2.40155 2.47973 2.51017 2.56326 2.61022 2.66193 2.70424 2.75779 2.80445 2.8546 2.90442 2.95797 3];
ur1d=(180/pi)*(0.0319997+[-0.0319997 0.00389252 0.0348483 0.0703545 0.0900133 0.11159 0.130098 0.143218 0.158533 0.186229 0.196927 0.215284 0.231184 0.248318 0.262052 0.279106 0.293688 0.309059 0.324072 0.339906 0.352122]);
ur2d=(180/pi)*(-0.0185536+[0.0185536 0.0241052 0.0246902 0.0253793 0.0262051 0.0275428 0.0288161 0.0296834 0.0306219 0.0321195 0.0326377 0.0335493 0.0343503 0.0352058 0.0358784 0.0366691 0.0373024 0.037916 0.0384938 0.0390798 0.0395164 ]);
ur3d=(180/pi)*(-0.0202672+[0.0202672 0.0229277 0.021961 0.0206938 0.0200804 0.0196271 0.0191635 0.018731 0.0182271 0.017534 0.0173295 0.0170228 0.0167898 0.0164727 0.0162465 0.0160864 0.0159607 0.0157726 0.0155582 0.0153346 0.0151522]);

% lateral bending (5N) data converted to degrees
tc5=[2 2.0675 2.10125 2.16062 2.21688 2.26697 2.30924 2.35429 2.40779 2.45293 2.51808 2.55698 2.61406 2.65527 2.70375 2.75725 2.8064 2.86587 2.90654 2.96524 3];
ur1c5=(180/pi)*(0.0319997+[-0.0319997 -0.0150614 -0.0126369 -0.015703 -0.0241264 -0.0344685 -0.0451262 -0.0578625 -0.0734132 -0.0860254 -0.10203 -0.109978 -0.120067 -0.126419 -0.132856 -0.139235 -0.144846 -0.151507 -0.155841 -0.161869 -0.165347]);
