%% Times for all models. 
t15=[2 2.05 2.1 2.15 2.2 2.25 2.30198 2.35365 2.40358 2.45421 2.50322 2.55384 2.60384 2.65565 2.70225 2.75206 2.80139 2.85108 2.90339 2.95085 3];

t1=[2 2.05126 2.11533 2.17471 2.20404 2.25121 2.30289 2.35286 2.41117 2.46025 2.51267 2.5564 2.60334 2.66048 2.70822 2.759 2.80923 2.85061 2.90524 2.95003 3];

t2=[2 2.05126 2.11533 2.17471 2.20447 2.25221 2.30059 2.35788 2.41099 2.45099 2.50605 2.55427 2.60174 2.65492 2.70335 2.75569 2.80363 2.85302 2.90564 2.95047 3];

t3=[2 2.05126 2.11533 2.16533 2.20361 2.25215 2.30482 2.35211 2.4011 2.4565 2.50468 2.55973 2.60432 2.65144 2.70196 2.75595 2.80367 2.85248 2.91084 2.96199 3];

t4=[2 2.0622 2.11523 2.15852 2.20492 2.25001 2.30364 2.35417 2.40231 2.45225 2.50547 2.55011 2.60474 2.65523 2.70472 2.7507 2.80007 2.85772 2.90074 2.95442 3];

t5=[2 2.05126 2.11533 2.17471 2.20404 2.25806 2.30703 2.35279 2.40109 2.45138 2.50274 2.55389 2.60894 2.65187 2.70418 2.75649 2.80083 2.85242 2.90526 2.95387 3];

t6=[2 2.05467 2.1077 2.15244 2.20335 2.25035 2.30555 2.35774 2.40313 2.45015 2.50252 2.55284 2.60017 2.65712 2.70364 2.75106 2.80515 2.85128 2.90047 2.95082 3];

t13=[2 2.05126 2.11533 2.16533 2.2247 2.25107 2.31707 2.35251 2.40079 2.4548 2.50774 2.55564 2.60228 2.65931 2.70659 2.75382 2.80395 2.85431 2.90296 2.95231 3];

t14=[2 2.05126 2.11533 2.17471 2.20107 2.25678 2.30078 2.35474 2.41562 2.45083 2.5117 2.55021 2.60026 2.65289 2.70081 2.75198 2.8011 2.85607 2.90043 2.95245 3];
